id	B cells naive	B cells memory	Plasma cells	T cells CD8	T cells CD4 naive	T cells CD4 memory resting	T cells CD4 memory activated	T cells follicular helper	T cells regulatory (Tregs)	T cells gamma delta	NK cells resting	NK cells activated	Monocytes	Macrophages M0	Macrophages M1	Macrophages M2	Dendritic cells resting	Dendritic cells activated	Mast cells resting	Mast cells activated	Eosinophils	Neutrophils
TCGA-59-2355-01A-01R-1569-13	0.0351858999261271	0	0	0.166152953756583	0	0.217364811156356	0	0.040079370423474	0.0751203526371034	0	0	0.0616672942272746	0.01858329245027	0.0820922531096334	0.149795739337926	0.111555166213118	0	0.0231910478918641	0.0192118188702711	0	0	0
TCGA-13-0720-01A-01R-1564-13	0.00485917292891917	0	0.0617547446802373	0.0241547045355297	0	0.327572971745485	0	0.0729130065741504	0	0	0	0.0556869230200124	0.027280290553103	0.173428689040132	0.0418696688442226	0.00932140783523424	0	0.196622039144978	0.0045363810979959	0	0	0
TCGA-25-1316-01A-01R-1565-13	0.0270010761023341	0	0	0.301251878612133	0	0.0857002470373064	0	0.0237019832188925	0.107696078281585	0	0	0.149456149491383	0.0178418483176379	0.054565408246119	0.0785329915072331	0.107458137548403	0	0	0.0467942016369731	0	0	0
TCGA-24-2293-01A-01R-1568-13	0.0261069065658476	0	0	0.0745932432391472	0	0.201149777684537	0	0	0.0709737163684245	0	0	0.0195683883972388	0.039081327317172	0.276054184894342	0.0985131280492079	0.182045384938916	0	0	0.0109792032556245	0	0	0.000934739289542524
TCGA-24-1551-01A-01R-1566-13	0	0.00596360706828444	0.00786212740767883	0.0808753625688545	0	0.226156230816941	0	0.00418983395285146	0.070842321264971	0	0.0154588718475724	0.0476546223637269	0.0308564868072853	0.289055744532068	0.0886360439712333	0.0955198445074908	0.00965470468010345	0	0	0.00812381487893746	0	0.0191503833320015
TCGA-31-1953-01A-01R-1568-13	0.00738918661707176	0	0	0.0487528338321744	0	0.12136512916099	0	0.0224503909075408	0.0827385447045902	0	0.00533833097533066	0.0828370107305987	0.026505442543947	0.250268230504058	0.0698623175402936	0.184411734955563	0.0741524911496873	0	0.0207013292687589	0	0	0.00322702710939519
TCGA-20-0987-01A-02R-1564-13	0	0.00477569888148496	0.0843749245336082	0.0786702425968216	0	0.0878317168320729	0.0216831571777983	0	0.0354234698638045	0	0	0.0840144166508221	0.0590574246895705	0.255335852180248	0.0513621915555965	0.178056030802914	0	0	0.0594148742352586	0	0	0
TCGA-13-2060-01A-01R-1568-13	0.0136608280843471	0	0.117213198972766	0.0847728582893541	0	0.2485037153793	0.0694058165348753	0.0521344562991585	0.0179355030854339	0.0189117698338588	0	0.0205630990097663	0.0116568486854337	0	0.130762275797903	0.17281671476018	0	0.0225079841592698	0.0186424659873601	0	0	0.000512465120993035
TCGA-25-2399-01A-01R-1569-13	0.0810645262900622	0	0.0122303794162006	0.0676245534622772	0	0.218991310432306	0.00922481678328844	0.0224670679835465	0.0363382174185298	0	0.0209926879117441	0.0913436796741266	0.0226930863064384	0.121983438695357	0.0952982262744738	0.167952119235922	0	0	0.0296755813910252	0	0	0.00212030872470189
TCGA-29-1705-01A-01R-1567-13	0.0402100565666681	0	0	0.0411550254028696	0	0.217329174516562	0	0.011513125771561	0.0433047548051236	0	0.00678199099252265	0.00156382890955428	0	0.342260586115828	0.0522628483534422	0.21925985011734	0	0	0	0.0167739814931266	0	0.00758477695540216
TCGA-24-1550-01A-01R-1566-13	0.0638346210835267	0	0.0707533292633454	0.0308031040038049	0	0.0652306406575256	0.0234045850223596	0.0223513912259593	0.0178940701831289	0	0	0.0178756489906667	0	0.314809347004842	0.0388407949360985	0.308511682502122	0	0	0	0.0207735447614137	0	0.00491724036520693
TCGA-13-0886-01A-01R-1569-13	0.0490001366254861	0	0.0288924351797533	0.0612410065143404	0	0.225957778216469	0	0.0906071012593214	0.0419436716839349	0	0	0.0572072108428523	0.0242131796908804	0.135078455483873	0.107953523688476	0.136433360020042	0	0.0318619700585231	0.00961017073604758	0	0	0
TCGA-13-0883-01A-02R-1569-13	0.0187892319220714	0	0	0.0732107431796516	0	0.112645485909625	0.00389726375410691	0.0118040112135934	0.0487866290211906	0	0	0.018925953256308	0	0.439862804379662	0.0397878144840997	0.198871857773407	0.00882178573254224	0	0	0.00529967609435034	0	0.0192967432793922
TCGA-13-1506-01A-01R-1565-13	0.102441283588934	0	0.029811231990688	0.0372433613925749	0	0.194452535792015	0	0.0137257872060145	0.0449351677009621	0	0	0.0520690153993494	0.0237840967971306	0.100998546968198	0.024173290530722	0.0586861770146905	0	0.241840718238708	0	0.0621057757776712	0	0.0137330116023417
TCGA-10-0937-01A-02R-1564-13	0	0.000493304037077451	0	0.123845032901026	0	0.265492476220901	0	0.0468474181343603	0.0877966752749928	0	0	0.0876060125008554	0.0317635705229657	0.103114317960672	0.0372952388902721	0.1850971696097	0	0.0275151930625937	0	0.00313359088458311	0	0
TCGA-23-1027-01A-02R-1564-13	0.00427713898271314	0.0220135705940729	0	0.019717600912161	0	0.191883184950392	0	0.026662192527972	0.0420164726929412	0	0	0.0307695380437675	0.000397568236970381	0.382263287990325	0.0597806710681712	0.174376087808865	0.00212602980863044	0	0	0.0399820342469894	0	0.0037346221360293
TCGA-57-1586-01A-02R-1567-13	0.131432064895781	0	0.130555076940572	0.0516732453410501	0	0.14344321851135	0	0.00472685340703537	0.0558371535769698	0	0	0.0215198280359819	0.00131686376600886	0.164255201523601	0.166644442506236	0.128596051495414	0	0	0	0	0	0
TCGA-13-1411-01A-01R-1565-13	0.00113050586109446	0	0.00704120402880738	0.0756613185185771	0	0.16189744704344	0.000487106003999351	0	0.0408233414871671	0	0.0209682625973796	0.0285576642017639	0.0184940633737537	0.344314342727611	0.0791753808307779	0.183084607690664	0.0136081144614499	0	0	0	0	0.0247566411735154
TCGA-13-0765-01A-01R-1564-13	0.0162292665317533	0	0.00305295251245228	0.0651596708973979	0	0.203928424483827	0	0	0.0841151226298789	0	0	0.0408899436875634	0.0777243918446291	0.3793614785377	0.00720903845508049	0.0725463929806322	0	0.00951911080585944	0	0.0402642066332268	0	0
TCGA-29-1696-01A-01R-1567-13	0.0555416024936051	0	0.124204274307128	0.0527135392267325	0	0.27528140768157	0	0.0812278186221781	0.0141837171943929	0	0	0.0462925798580339	0.032192828496577	0.0314379967022223	0.09977939284015	0.150980265515659	0	0.0351359985119135	0.00102857854983861	0	0	0
TCGA-29-1783-01A-01R-1567-13	0	0.00229096731492013	0.0453510823773317	0.0812659206857754	0	0.156354049417135	0	0.0354284580003291	0.0539810936059256	0	0	0.0449228388721865	0.0650473347662469	0.162733722547453	0.0725682518047386	0.222399604891683	0.028988031299584	0	0.0151826279569622	0	0	0.0134860164597287
TCGA-24-1470-01A-01R-1566-13	0.0471733381829529	0	0.0231474721905173	0.109187683368762	0	0.225927278443183	0.0155106071274561	0.0617895453369432	0.100671169834996	0	0.0324283354503714	0	0.0236838258414437	0.0739347615165838	0.0742725067520047	0.168130811820922	0.037124884813162	0.00701777932070188	0	0	0	0
TCGA-29-1778-01A-01R-1567-13	0.038284948450171	0	0.122313775519708	0.0591614959749903	0	0.243685446202543	0	0.0194217122574205	0.0908006292954789	0	0	0.0578453097677112	0	0.0828532629463767	0.0445086318790868	0.187260925223265	0	0.0357630742940332	0.0181007881892152	0	0	0
TCGA-29-1766-01A-01R-1567-13	0.0518619022734385	0	0.0400051891002066	0.15965498919975	0	0.195363226719311	0	0.0294482517052302	0.0219058721063776	0	0	0.0778588291185478	0.0234846525549159	0.156676322857995	0.038795499553529	0.115399248024296	0	0.0638415646876581	0.0213281660908592	0	0.000208072961956905	0.00416821304592786
TCGA-29-1707-02A-01R-1567-13	0.0460977916168649	0	0.00845688261890447	0.0145550193797525	0	0.0523779263664699	0.00495545953865409	0.00839947856858394	0.0825656507418964	0	0.0444447006759794	0	0	0.401770135681849	0.0720986818105103	0.0817449185950525	0	0.131627344288034	0	0.0452145272486588	0	0.00569148286878993
TCGA-29-1688-01A-01R-1566-13	0.046570297475345	0	0.00240649652923441	0.0510239268494617	0	0.278652277110815	0	0.0296738963739178	0.0373884521044399	0	0.0383580270749306	0.0235543170202169	0.0234952492504637	0.127782744299559	0.115167348639371	0.204374006736643	0	0	0.0159241600719992	0	0	0.0056288004636021
TCGA-13-0906-01A-01R-1564-13	0.0704481753717499	0	0.0261342838102881	0.0906163965310724	0	0.237783432449447	0	0.0771169647798782	0.0721134909715123	0	0	0.0747533312816116	0.00983151800747616	0.0691444562906283	0.121263781999505	0.0216330868732234	0	0.129161081633608	0	0	0	0
TCGA-24-2261-01A-01R-1568-13	0.0330670543523667	0	0.0189378564912412	0.19092203630513	0	0.223040912788085	0.0301545482452707	0.05341943034321	0.0785765117737781	0	0.00345550499630045	0.0137911661563823	0.0840033356962026	0.00768657341459435	0.089956497066199	0.170194617752907	0.00232280679408059	0	0.000471147824252802	0	0	0
TCGA-13-1485-01A-02R-1565-13	0	0	0.014739018706269	0	0	0.197785625766986	0	0.0162836512935001	0.102267525965071	0	0.0353976092415787	0.0426446490376791	0	0.33109585722059	0	0.211404172903581	0.0141603163867828	0.000210356807862918	0	0.0340112166700999	0	0
TCGA-61-1911-01A-01R-1567-13	0.0325640781513642	0	0.164018332392915	0.261558437596822	0	0.0782036277758683	0	0.0272599119766614	0.0843379608348236	0	0	0.0796717100313126	0.0132205684938706	0.0390877407887094	0.0833740556665939	0.12233800456495	9.67907500180846e-05	0	0.0134551501372498	0	0	0.000813630838840859
TCGA-61-2104-01A-01R-1568-13	0.0471092989222166	0	0.0297457095432752	0.0566942301928592	0	0.223573439368984	0	0.0327653212570352	0.0460643687500406	0	0.0433626280593371	0	0.000450983353059476	0.150254134205874	0.14344907700878	0.138020888041293	0	0.0434189829496421	0	0.0398266940489119	0	0.00526424429869281
TCGA-24-1425-01A-02R-1566-13	0.0757590649865795	0	0.0251710853831226	0.022157845427133	0	0.20264418255881	0	0.0182876621029529	0.063805380085301	0	0.0260430212938453	0.00728408783986071	0	0.299239194705313	0.0755834342294148	0.17256670710191	0	0	0.00540873771973504	0	0	0.00604959656602178
TCGA-25-2398-01A-01R-1569-13	0.0287896251766056	0	0.00492728734351213	0.0149412005098088	0	0.140730964836304	0	0	0.0188861926565283	0	0	0.0198071268125343	0.00775911866664626	0.567418124574588	0.0683337188318182	0.120805600248332	0	0.0065516194264038	0.00104942091691805	0	0	0
TCGA-61-1738-01A-01R-1567-13	0.0284556001478694	0	0.0964954856852576	0.045407495023286	0	0.0957994847769749	0	0.0761257668010508	0	0	0	0.0467338070040636	0.0873899604607148	0.0336730977935774	0.115625743464862	0.170456418721965	0	0.180856079719811	0.00181648438769599	0	0	0.0211645760128712
TCGA-24-0966-01A-01R-1564-13	0	0.00367626220772892	0.0567228841470669	0.16256081583189	0	0.157186601273379	0	0.0140389473530762	0.0832351535692133	0	0	0.0752678844968006	0.0471896501754946	0	0.0242848593259056	0.261576149194222	0	0.114260792425223	0	0	0	0
TCGA-61-1919-01A-01R-1568-13	0.0215048826542031	0	0.0463809732158086	0.0325510484021373	0	0.123585693362729	0	0.00874602027189461	0.0323353831981918	0	0	0.0332767132042727	0.000774229445389	0.372317880465502	0.0976223844832349	0.186820080531625	0.0350660716235426	0	0.00585123832445212	0	0	0.00316740081701757
TCGA-61-1728-01A-01R-1568-13	0.000491630740831172	0	0	0.0155222284841444	0	0.222797287337739	0	0.049066016802318	0.0812778165778094	0	0	0.0403590060785988	0	0.376320831634667	0.0532072333775784	0.146491114600301	0	0	0	0.0144668343660129	0	0
TCGA-13-1404-01A-01R-1565-13	0.0524106185785507	0	0.111338685334436	0.0502502219519339	0	0.120890269473895	0	0.0537688312272742	0.073769445732919	0	0	0.0625167031080562	0.034518961704062	0.108812747286898	0.123503515519313	0.194841366666128	0.0120037276351464	0	0	0.00137490578138844	0	0
TCGA-61-2003-01A-01R-1568-13	0.00640629121951327	0	0	0.0630508789276386	0	0.169074325709355	0	0.0039938243415156	0.0464430839701516	0	0	0.0335292270319233	0.0315231612611088	0.319243467866514	0.0526225474759948	0.16733002309409	0.0905088394610921	0	0.0162743296411031	0	0	0
TCGA-61-1741-01A-02R-1567-13	0.0350032080626852	0	0.145781373528152	0.0470318472044539	0	0.155574629487795	0.00205194125812255	0.0482117038458716	0.0592327732361716	0	0.0038381938074206	0.00377508438691354	0	0.306222587586364	0.074276233567256	0.118598920442328	0	0	0.000401503586467012	0	0	0
TCGA-04-1357-01A-01R-1565-13	0.0120047791429459	0.00951882972829776	0.0817457259141383	0.185639659775446	0	0.157342429297894	0	0.0595582862706205	0.0859693629711019	0.00268934982509701	0	0.00683344834719107	0.00520464286558763	0.112716005341267	0.120740661852158	0.132494510999411	0.0205260725630417	0	0.00701623510580222	0	0	0
TCGA-24-2281-01A-01R-1568-13	0.0115260471451387	0	0.0236117543670551	0.0683349308430069	0	0.132161633131324	0.0156944736907983	0.00544269068530303	0.0844419908976016	0	0	0.0366313636029271	0.0262886750336075	0.379973607671726	0.0560360473962845	0.15727532602749	0.00258145950773749	0	0	0	0	0
TCGA-09-0367-01A-01R-1564-13	0	0.0329109605648627	0.00169898310045618	0.0610191275362966	0	0.237016984165714	0	0.0208835979403832	0.0527232842549554	0	0	0.0828642414192582	0.0385495723226446	0.133290283026333	0.0805330007620892	0.15520131911358	0.0791677136031104	0	0	0.0241409321903175	0	0
TCGA-25-1320-01A-01R-1565-13	0.0269686218516754	0	0.0124299153286576	0.0475685380232015	0	0.188070851367869	0	0.00988521113824498	0.0387355727834343	0	0	0.062328380368478	0.00691507153783979	0.277258965832457	0.0410019590723264	0.153062347205932	0.0712357407523902	0.00748759796224276	0	0.0499294630040605	0	0.00712176377119103
TCGA-24-1434-01A-01R-1566-13	0.0189972411298958	0	0	0.0258488025432398	0	0.254340420209508	0	0.0297665206214758	0.0330002537989086	0	0	0.0545241576907067	0.126413231077183	0.0322244258326022	0.0971787242405915	0.205871435585532	0	0	0	0.105137191692155	0.0166975955782015	0
TCGA-13-0908-01B-01R-1565-13	0.0397574660181252	0	0.0174942292296695	0.0320886174410497	0	0.228390981858478	0.0192533199340109	0.072143333541568	0.0476237443229773	0	0	0.0363488401608722	0.0386791228912811	0.163271308430829	0.0965881975910493	0.190776731687192	0.00314302070212625	0	0.0144410861907721	0	0	0
TCGA-13-0913-02A-01R-1564-13	0.00940396665888404	0.0375185846474763	0.0284988793645866	0.210865006954492	0	0.0920315647410873	0.037939131413917	0.0652897281512052	0.0523668774121324	0.0151334822077239	0	0.0470296572670327	0.000637598778836001	0.0714539920310565	0.131276623174454	0.107398111543651	0.0696576594742207	0.0153596385947693	0.008139497584475	0	0	0
TCGA-13-1511-01A-01R-1565-13	0.016959174932394	0	0.0250997007342773	0.042029779039698	0	0.187630726828551	0	0.00797964531933099	0.0591364241867251	0	0	0.0856529435640981	0.0113945776227091	0.147259535771907	0.118474643308395	0.159698237927671	0	0.124926712157958	0.0137578986062861	0	0	0
TCGA-24-1413-01A-01R-1565-13	0	0.000581219317036694	0.0693469861932698	0	0	0.168726546921368	0	0.122085323428974	0.0278315960686559	0	0	0.0462775827311901	0.0181176615886077	0.158936369359493	0.0413190416914162	0.154303688692195	0	0.162330301621384	0	0	0.0141459182394785	0.0159977641469302
TCGA-13-0714-01A-01R-1564-13	0.0423235104055493	0.0250220958170424	0.00567860749389861	0.169094842814411	0	0.199209208124337	0	0.00786324229258232	0.093061852966169	0	0	0.0800036246063901	0.021856214360438	0.131687459759373	0.0568035504368965	0.119131541131631	0	0	0.0482642497912811	0	0	0
TCGA-24-1464-01A-01R-1566-13	0	0	0.0118901856755642	0.278832502177385	0	0.191507957344935	0	0.0537560309904459	0.0924345162639542	0	0	0.113120908247728	0.0326219667484634	0	0.0601961219085912	0.165639810642933	0	0	0	0	0	0
TCGA-13-0897-01A-01R-1564-13	0.00043621844576292	0	0	0.105059663475929	0	0.12597662488874	0.00519760591919839	0.043232556566142	0.106536101752098	0	0	0.106839906376793	0	0.0856674129959263	0.136173441483926	0.195414053244133	0.00633096813378848	0.0333566059275792	0.049778840789985	0	0	0
TCGA-09-0366-01A-01R-1564-13	0.0179237768949206	0	0	0.0556440563958898	0	0.102140257195054	0	0.0170393159044532	0.0272844417050276	0	0	0.0471413152674101	0.354335726417927	0	0.0117260450320311	0.329213078029165	0	0.0250266460041695	0	0.0118492621614435	0.000676078992508756	0
TCGA-61-1725-01A-01R-1567-13	0.0178578413656774	0	0.0267782376032136	0.106448644108517	0	0.231629970220071	0	0.0731474245241609	0.0188895079321529	0	0	0.0282262587539548	0.06240348824125	0.0473310572144112	0.148907933231696	0.208070148010041	0	0	0.00834401162690006	0	0	0.0219654771679549
TCGA-24-1562-01A-01R-1566-13	0	0.00375407469225358	0	0.0562263207950113	0	0.238158382165038	0	0	0.117889503026609	0	0	0.0802017799914707	0.00386682614994346	0.309619524073651	0.0383983197189482	0.0886317853921573	0.0425883888489031	0	0.020665095146014	0	0	0
TCGA-13-0916-01A-01R-1564-13	0.0680087093386513	0	0.146541507578983	0.143486716646742	0	0.0959070660931917	0	0.0497851554782118	0.0666294768718947	0	0.0159727901510233	0.0151147353775875	0	0.141474290756401	0.14952635708402	0.0911964869248123	0	0	0.0163567076984814	0	0	0
TCGA-25-1328-01A-01R-1565-13	0.0293092742885817	0	0.0105386547662332	0.0417093776560946	0	0.195787340839743	0	0.00808950889941898	0.0561486486843976	0	0	0.0515708099075265	0.0467636015499725	0.266533289513206	0.0438993004611781	0.184837204897292	0.034318994467467	0	0.0304939940688878	0	0	0
TCGA-13-0766-01A-02R-1564-13	0.0626908722906312	0	0.00037714895857762	0.0711550737249197	0	0.156870507062813	0	0.0470699684396169	0.00903290885708231	0	0	0.0562419950330976	0.0792171466216949	0.136518024964867	0.0312055931404373	0.136618962530803	0	0.202180075349653	0.00993542095142526	0	0.000886302074381446	0
TCGA-13-0924-01A-01R-1564-13	0.0353450228713526	0	0.0769029460087096	0.142432372252533	0	0.120832115390931	0	0.0667029410136628	0.0780179281305727	0	0	0.0661254262540356	0.0213057905146635	0.0730298798424927	0.117685289254413	0.153549886153166	0.00655411516744555	0	0	0.0415162871460222	0	0
TCGA-09-2053-01C-01R-1568-13	0.0537271277840432	0	0.13349391924031	0.085360255998104	0	0.168962906389608	0	0.0331427912876478	0.0261096911411816	0	0	0.0572550824341923	0	0.199616675778879	0.0801692672695572	0.162162282676476	0	0	0	0	0	0
TCGA-61-2000-01A-01R-1568-13	0.039498184553029	0	0.00189253056565852	0.0384175700468384	0	0.293563162253022	0	0.0355935750777195	0.0251252858810937	0	0	0.163106705708201	0.0626365237896637	0.117473046644276	0.0418323145076483	0.0999919757726998	0.0394726896758588	0.0295529525329308	0	0.000814830081960575	0	0.0110286529093995
TCGA-29-1768-01A-01R-1567-13	0.0320223946344071	0	0.0553380319945231	0.119887790023999	0	0.25118575960406	0	0.0261325397130232	0.00693440152557322	0	0	0.0676582588924226	0.0251815122379324	0.073574439708026	0.107435701465075	0.176169785409794	0.011715455326343	0	0.0437304193070199	0	0	0.00303351015780294
TCGA-24-1565-01A-01R-1566-13	0.0546757336946892	0	0.0517595208604662	0.152333229065002	0	0.14523384294217	0	0.0157984436991079	0.115504786949536	0	0	0.0521709423361551	0.0528579358619346	0	0.0156300920747027	0.294305396458103	0	0.0155923257217868	0.0143178824613083	0	0	0.0198198678750382
TCGA-23-1030-01A-02R-1564-13	0.0275976531821576	0	0	0.0363970186298074	0	0.192780405886093	0	0	0.0880978313226812	0	0.00261926136807931	0.0294532442658871	0.0138322124217469	0.426973842087063	0.0718717262291094	0.110376804607375	0	0	0	0	0	0
TCGA-61-2111-01A-01R-1568-13	0.077108422200108	0	0.0248358929099566	0.0752833801633083	0	0.212192426285012	0	0.00859974842933912	0.0968853082577057	0	0	0.0400008693377201	0.0129919616799839	0.112597140716766	0.0473290189120333	0.215089197975103	0.0390149057445638	0	0.0348792062294947	0	0	0.00319252115890562
TCGA-25-2396-01A-01R-1569-13	0.0159115941142772	0	0.0312271506884665	0.13827231486197	0	0.218918717024361	0	0.0308809553678073	0.0819022453787445	0	0	0.106172739035121	0.0270103830078261	0.0266376832783198	0.11646067964558	0.173184514710479	0	0	0.0155089512862726	0	0	0.0179120716007754
TCGA-61-2002-01A-01R-1568-13	0.00750525627702039	0.000255179993199253	0	0.129114898607961	0	0.177606718207331	0.00490920584323406	0.0226562484176544	0.108650675296153	0	0	0.116112333213266	0.0279489391533403	0.0982505132531882	0.102249390906166	0.109133305780328	0.0230006792304113	0	0.0609181792559549	0	0	0.0116884765647928
TCGA-13-0768-01A-01R-1569-13	0.0241832721505168	0	0.0393105179340445	0.278137043505613	0	0.0945793629285848	0.125627056404808	0.0021580599993924	0.0915128918745505	0	0	0.0169440707831588	0.0510291146361468	0.0459072159673845	0.102654320718197	0.109081860428901	0.00324443266319769	0	0.0156307800055045	0	0	0
TCGA-29-1710-01A-02R-1567-13	0.0217691546840653	0	0.0638133443413751	0.0586782541038813	0	0.200455651566116	0	0.0230007160238465	0.116286586046512	0	0	0.0994745034305861	0.0225211148108271	0.0722941412472583	0.0536810946541966	0.187160655519012	0.0553200966120374	0	0.0240235182567265	0	0	0.0015211687035598
TCGA-29-1701-01A-01R-1567-13	0.010176227848937	0	0.0907631174975952	0.103796495362279	0	0.170893735470302	0.0188334670813125	0.0753285744061361	0.0111493867528106	0.0185703965195498	0	0.0369305511860558	0.0471334998667461	0.0318182922609827	0.108230359036428	0.24135318600764	0.000451260976486629	0	0	0.0177718757133395	0.00969048878538046	0.0071090852280193
TCGA-57-1994-01A-01R-1568-13	0.0278302759341178	0	0.0461995106583201	0.1663486324552	0	0.170181234960295	0	0.031099018976317	0.0975796148178355	0	0	0.0386582746626698	0	0.200915592579637	0.0713557521751317	0.145335496647386	0	0	0.00422405269796919	0	0	0.000272543435120772
TCGA-24-1842-01A-01R-1567-13	0.0132236193892692	0	0	0.110154020371458	0	0.17000191422554	0	0.0395639856461809	0.0623797939359644	0	0	0.0865334190649518	0	0.276852067923702	0.085061020355606	0.120770648785462	0.00295951411278334	0	0.0308891117474079	0	0	0.00161088444167589
TCGA-25-2409-01A-01R-1569-13	0.0137797909162831	0	0.0188099367655638	0.0271383123823867	0	0.176141978600796	0	0.00567381209572073	0.0849740099709496	0	0.0661874658735168	0.037150143428309	0.0872412919609672	0.0184530398081649	0.11607460591753	0.288184796564321	0	0.0269007882510063	0.0332900274644852	0	0	0
TCGA-61-1995-01A-01R-1568-13	0	0.00561113245916202	0	0.065619034452492	0	0.301687919364698	0	0	0.097568452130491	0	0	0.0281295242977273	0.0291188189580231	0.118006543761529	0.0592641962340047	0.274582744138623	0.00294881187981501	0	0.0174628223234351	0	0	0
TCGA-13-0911-01A-01R-1564-13	0	0.0384779918174481	0	0.0420082838451176	0	0.0454246529744645	0	0.0157065368448036	0.0719878247441584	0	0	0.0396772845706205	0.00613543826001266	0.513342796074685	0.0755948748732698	0.126996878460695	0.023067485018478	0	0.00157995251624699	0	0	0
TCGA-59-2350-01A-01R-1569-13	0	0.00221998896094023	0	0	0	0.216307306644429	0	0.0604045405442778	0.0470863907162407	0	0	0.0190479515998735	0	0.339284354505341	0.0727453675112603	0.143034766530785	0	0.094990829223119	0	0.00487850376373338	0	0
TCGA-24-1469-01A-01R-1566-13	0.0536923296780982	0	0.0667423957014418	0.0277889189266176	0	0.185119904369233	0	0.0505316737333036	0.0574366315863641	0	0	0.0347082537549214	0	0.326620570068158	0.0801213998321788	0.117237922349684	0	0	0	0	0	0
TCGA-24-1427-01A-01R-1565-13	0	0	0.112582926446965	0.160884904233674	0	0.23750048524654	0	0.0198053442968743	0.0624837248105462	0	0	0.00426945326935762	0.126286224554534	0.0156375289517266	0.0602775503184201	0.169235120337672	0.00722330901640477	0.00343969086674549	0.0160208103911817	0	0	0.00435292725935783
TCGA-09-2044-01B-01R-1568-13	0.0287251903203947	0.00991615827134405	0.0305059699922874	0.0927280187505815	0	0.0996771210446002	0	0.0420632189001162	0.0556761571522768	0	0	0.0642636980252398	0.127345899459982	0.0962915735173104	0.0704648722687034	0.258391887204753	0	0.00886932822334722	0	0	0	0.015080906869063
TCGA-61-2102-01A-01R-1568-13	0.00272907389847553	0	0.00496634411858985	0	0	0.143264023545936	0	0.00181577795162695	0.043470136017814	0	0.0382565907326464	0.00623143276102567	0	0.451908884603506	0.00576089309808513	0.262260782540951	0	0	0.039336060731343	0	0	0
TCGA-04-1343-01A-01R-1564-13	0.0436128129094969	0	0.22744616490146	0.099468250545541	0	0.183301410541552	0	0.0137328216537853	0.0341536787938494	0	0	0.053584911997503	0.0273437518167164	0.0264302224761569	0.100474287816672	0.119453222864008	0	0	0	0.0709984636832597	0	0
TCGA-23-2077-01A-01R-1568-13	0.000677251052670934	0	0	0.068907531534242	0	0.174981881985045	0	0.0418728769229263	0.099691108236264	0	0	0.00266721532475434	0.0160249380260023	0.180641295892044	0.0670184378102939	0.289669645715459	0.0101621939656822	0	0.047685623534615	0	0	0
TCGA-29-1695-01A-01R-1567-13	0	0.00256963941880608	0	0.0164090386737228	0	0.113283016067614	0	0.0132360854831132	0.0373468772144575	0	0	0.0286951442232876	0	0.517452148440251	0.0681577042767366	0.177952678642285	0	0	0	0.0248976675597263	0	0
TCGA-31-1959-01A-01R-1568-13	0.00458459433064224	0.0124326290558099	0	0.0573772050707489	0	0.247186867214948	0	0.0419287897016054	0.0535488309027819	0	0	0.0240733124144098	0.0526433711691676	0.135094644993839	0.0443875083679583	0.270142113339681	0.00828314130857284	0.0316369162992384	0	0	0	0.0166800758305965
TCGA-29-1761-01A-01R-1567-13	0.0335959857970459	0	0.00358087604323225	0.154608126375286	0	0.124461828644311	0	0.0229333680330833	0.04250831224677	0	0	0.00490120324979375	0	0.272107087540716	0.110539674816857	0.210518940213326	0	0	0.0080396168634584	0	0	0.012204980176121
TCGA-30-1891-01A-01R-1568-13	0.0380005009348329	0	0.065470116245836	0.13462177930135	0	0.201052572645197	0.000102143853303651	0	0.0390215893271545	0	0	0.0199992248904651	0.0157675610076794	0.206314286804089	0.0743666394403322	0.155648957778425	0	0	0.023982342770471	0.00541681431883668	0	0.0202354706820276
TCGA-25-2401-01A-01R-1569-13	0.00584033993174111	0	0	0.0298754343048609	0	0.206456357729133	0	0.0429088694347893	0.0453081687240215	0	0	0.0305139378152877	0.132252943897475	0.0965962248678453	0.123532973065985	0.265653327921703	0.00172705469956536	0.0192085485499268	0	0	0	0.000125819057665828
TCGA-59-2351-01A-01R-1569-13	0	0.0172797358841032	0.172928172797574	0.0411983334516586	0	0.0983669857212822	0	0.00746278214278849	0.0588136960579884	0	0	0.0793567058886814	0	0.236631021287446	0.0751734292600686	0.187423135719975	0	0	0.0253660017884343	0	0	0
TCGA-24-2288-01A-01R-1568-13	0.0582354484151211	0	0.19953309269191	0.127103445010055	0	0.18545825484594	0.0187099952944273	0.047095961552194	0.0477977609592609	0	0.0303286081072767	0	0.0364356137547939	0.0161069003300164	0.105710930558155	0.120724335860742	0	0.000756599914622829	0	0.00600305270548403	0	0
TCGA-13-0795-01A-01R-1564-13	0.00167532551638341	0	0.0142011518553345	0.106298514443129	0	0.229332851755374	0	0.0178770266832379	0.0431540865155912	0	0	0.0522534951914299	0.138832994182943	0	0.0321538197628087	0.297412788099331	0	0.0470299881254755	0.019095626830501	0	0.000682331038461172	0
TCGA-29-1781-01A-01R-1567-13	0	0.00346407815972642	0.226051760535456	0.188918616835466	0	0.0268069657433832	0.0487201622592338	0.0135548731519482	0.0130897512115922	0.0132158785458402	0	0.00653916913650097	0	0.171071998670838	0.0738406950994459	0.214726050650569	0	0	0	0	0	0
TCGA-29-1711-01A-01R-1567-13	0.00576213196894867	0	0.0151514485469175	0.0296358419677187	0	0.248615954375641	0	0.0452854766531661	0.0623107819180686	0	0	0.0965673063802218	0.014687445635677	0.116690226632892	0.158196008413633	0.158083918647178	0.0185159017273623	0	0.0304975571325755	0	0	0
TCGA-25-1326-01A-01R-1565-13	0	0	0.0237820497711832	0.0676209172235171	0	0.261116896719717	0	0.0115907966547003	0.023559102674352	0	0	0.0403143393934634	0.00674712005468292	0.21625437486932	0.111340051752635	0.192437848425106	0.00735467070955903	0	0.0378818317517634	0	0	0
TCGA-24-1843-01A-01R-1567-13	0	8.59389479632907e-05	0.115318988393118	0.103222898082224	0	0.13929829351574	0	0	0.036063290749197	0	0	0.0543104277697676	0.00615196487085548	0.342491572983951	0.0478855570932861	0.150647461647466	0	0	0	0.00372934647491209	0	0.000794259471517982
TCGA-24-2267-01A-01R-1568-13	0.00325471101055464	0.018694950632613	0.149500756381272	0.0483650370258878	0	0.130695502785887	0	0.0542132195724939	0.0643392514242381	0	0.0193599949218108	0	0.00872945426040491	0.211010521943727	0.106688508760336	0.179618223004492	0	0	0.00552986827628273	0	0	0
TCGA-24-1847-01A-01R-1566-13	0.0144095925194878	0	0.021578086194228	0.332106725801757	0	0.119620102300843	0.0557931244034368	0.0112647504255027	0.0781392841031176	0	0.0220867919615779	0	0.0134997345130702	0.1080072558606	0.087805978877237	0.130444810579724	0	0	0.00524376245941832	0	0	0
TCGA-13-0884-01B-01R-1565-13	0	0	0.0130619227352934	0.20144460759269	0	0.0961357043903561	0	0.0829572394514323	0.152353695607531	0	0	0.120711843196395	0.0092597380439926	0.070921637366521	0.0911070146365724	0.0618788375287563	0	0.0459362976845797	0.05423146176588	0	0	0
TCGA-61-2113-01A-01R-1568-13	0.047223219448853	0	0.0415842152421999	0.0251291407046984	0	0.272268611523759	0.00327853966554963	0.0588285294239001	0	0	0.0368275718214732	0	0.0135849911894635	0.151789065511119	0.0847097246861296	0.141424836025232	0	0.0825808183598347	0	0.0295464412522349	0	0.0112242951455523
TCGA-61-1910-01A-01R-1567-13	0	0.00230060902546359	0	0.026652051867825	0	0.204431344853447	0	0.0270555385824018	0.0805666485915263	0	0	0.0428199838316442	0.00395268404434991	0.227119882719071	0.0999467851108029	0.191687017058219	0	0.00333733432983594	0	0.0901301199854127	0	0
TCGA-29-2427-01A-01R-1569-13	0.0162689769833987	0	0.0796108421951235	0.183042529390805	0	0.132229816075191	0	0.0207964106671253	0.0320452077726317	0	0.0199728123431418	0.0162589800642821	0	0.151846617241035	0.127099257830741	0.189884905312424	0	0	0.0309436441241002	0	0	0
TCGA-13-1498-01A-01R-1565-13	0	0.0310545675369531	0	0.100802448290503	0	0.196999390400046	0	0.0356905370948595	0.0513619537039129	0	0	0.110993704102568	0.0208366336347543	0.22227324758412	0.0971406431292478	0.0709614465670227	0.0557031466821536	0	0.0061822812738586	0	0	0
TCGA-13-1509-01A-01R-1565-13	0	0	0.341087006254623	0.0477195706718895	0	0.150545392642353	0	0.0415347409081929	0.0226999764385195	0.0070448945692242	0	0.0510426803993528	0.0448698727445141	0.0704629224781985	0.0914402281136582	0.119554607517458	0.00324493857870314	0	0	0.00287545403119967	0.00587771465211324	0
TCGA-04-1356-01A-01R-1569-13	0.0378753438310179	0	0	0.0476057006364078	0	0.197404323729881	0	0.0264957682034687	0.0360962675483605	0	0	0.0357336981613991	0	0.461754351531336	0.0321480577599789	0.0374982824680321	0	0	0	0.0869760822757413	0	0.000412123854376844
TCGA-61-1914-01A-01R-1567-13	0.0291474839159182	0	0.102279141139834	0.0292889587471665	0	0.129053586504071	0	0.0450204419380411	0	0.0194929232056209	0	0.038804567238743	0.0734911395669321	0.0904968171631469	0.180913013581576	0.202915876608814	0	0	0	0.017006737750916	0.0378338358343991	0.00425547680482185
TCGA-23-1116-01A-01R-1564-13	0	0.0756049176628717	0	0.0191139959266371	0	0.0999616607298464	0	0.0271340087414676	0.0356610759639357	0	0	0.00748967862483849	0	0.21435145973977	0.0595336534798179	0.243112966503234	0.0110335302732316	0	0	0.118074465936669	0	0.0889285864176805
TCGA-13-A5FT-01A-11R-A406-31	0.0450850022019604	0	0.0899052728717894	0.00813627130242147	0	0.187312387921661	0	0.0962307531035169	0.0642529006477256	0	0	0.0402922055249205	0.0130648625969203	0.138534939624007	0.0619560227582461	0.0440487153734723	0	0.211180666073359	0	0	0	0
TCGA-59-2354-01A-01R-1569-13	0.0695646304721075	0	0.0247313681100023	0.0626292864507344	0	0.227994997853479	0	0.05179816545121	0.0950317774913496	0	0.0241594595477908	0.000441885289447235	0.00116351715750831	0.172501125753615	0.097899400915857	0.163129446947451	0.0089549385594479	0	0	0	0	0
TCGA-13-1488-01A-01R-1565-13	0.0472824474023198	0	0.0221057388506559	0.0190690337490376	0	0.16035981491247	0.0322553202351647	0.0427610101339941	0.0111392916009207	0	0	0.0900012018630748	0	0.255292711712025	0.244490396573577	0.0710734851345198	0	0.00246148796841438	0.0017080598638261	0	0	0
TCGA-29-1693-01A-01R-1567-13	0	0.00119100048963591	0	0.0503242027349474	0	0.202800852739354	0	0.0415394130541391	0.019075630882643	0	0	0.0470265589879162	0.0366006445456332	0.126210552523142	0.107319624780868	0.148943379369543	0	0.172868275960045	0.0412399451239126	0	0	0.00485991880822057
TCGA-13-0893-01B-01R-1565-13	0.0613177992938746	0	0	0.119069228750041	0	0.204978741328141	0.0604645035673492	0.0211031678542423	0.0884295040313815	0.00238857278412646	0.038836263226968	0.0234058517588908	0	0.0675409052428356	0.120714128744062	0.116616917841922	0	0.0308152228798705	0.0443191926962953	0	0	0
TCGA-23-1118-01A-01R-1564-13	0	0.0220906812861271	0	0.0953940228331004	0	0.162257807662848	0	0.0132836318430422	0.0459605365508282	0	0	0.0532057128982198	0.0128610307157298	0.185560612571606	0.126045975119953	0.130882648954073	0	0.120883013429022	0.0315743261354514	0	0	0
TCGA-29-1777-01A-01R-1567-13	0.0124175104416737	0	0.122599025899622	0.039981116595837	0	0.223134130131693	0	0.0555322185175722	0	0	0	0.0604986769059301	0.0085185396173165	0.0946226860535911	0.122100564136889	0.119295357216805	0.0372631519390801	0.0497294920307065	0.0163151677200871	0.00922285436142562	0.00281980979230006	0.0259496986394721
TCGA-25-1313-01A-01R-1565-13	0.00013250970573625	0	0.0171186396890168	0.0396689339022804	0	0.275088889403111	0	0.0380401043726628	0.00350193594591352	0	0	0.0741017803757367	0.0865053256961092	0	0.0749861691893815	0.299549205069663	0	0.0564640502999752	0.0197079433466993	0	0	0.015134513003715
TCGA-13-1497-01A-01R-1565-13	0.00132932890124544	0	0.231301075342446	0.0288429129777689	0	0.250652798283814	0	0.0507535802799463	0.0106044708042015	0	0	0.00905991614186692	0	0.109308972285602	0.113436449421982	0.14601645616678	0	0.013963264904359	0	0.0344086375294401	0	0.000322136960547649
TCGA-13-1512-01A-01R-1565-13	0.000733719515922647	0.0353701545378177	0.0223528401910408	0.0864130418178985	0	0.0935435214232734	0	0.0219416387152662	0.0739417166732124	0	0.0120773276610028	0.0191363000541053	0	0.343829449074538	0.155040881901754	0.110150176468291	0.0189092992353056	0	0	0.00655993273057122	0	0
TCGA-61-2009-01A-01R-1568-13	0	0	0.00217954779490812	0.024627626222859	0	0.234314411551556	0	0	0.0122966203801315	0.0467909585872043	0	0.00651746034709304	0.000367869724958699	0.105349357446666	0.113067717798	0.362059035269959	0.0692171878539602	0	0.0232122070227039	0	0	0
TCGA-29-A5NZ-01A-11R-A406-31	0	0	0.0202390341269864	0.0352563179746834	0	0.300762685877407	0	0	0.0161011689721306	0	0.035976643354196	0	0.00322635470597231	0.375992905582189	0.052025486297075	0.0843854807847047	0.0213131611084814	0.0417736227186655	0	0.0129471384975094	0	0
TCGA-24-1850-01A-01R-1567-13	0	1.60580645040439e-05	0.0665165740694744	0.154568450729687	0	0.136082771366599	0	0.0348260113583121	0.0776544572752185	0	0	0.0412024249924872	0.00872759613836808	0.0663410563033547	0.142925311334248	0.261229820078923	0	0	0	0.00135931780747169	0	0.00855015048135297
TCGA-24-2262-01A-01R-1568-13	0.0543305792609334	0	0.0809242197906376	0.103473147487582	0	0.143637913307522	0	0.0435711544051808	0.0733638762486891	0	0.0488172029571277	0	0.00762375949777541	0.196351002460147	0.120816549314663	0.0694705805783658	0.00431716638493644	0	0	0.0441884680338148	0	0.0091143802726245
TCGA-61-2008-02A-01R-1568-13	0.0175932301553757	0	0	0.189749996098712	0	0.106629519310271	0.051804768537934	0.0588905605847605	0.0663359648852569	0	0	0.0812635832751939	0	0.11061615681528	0.0615095413664643	0.175479107110364	0.0330822649049104	0	0.0470453069554769	0	0	0
TCGA-29-1785-01A-01R-1567-13	0.0144761755572366	0	0	0.200300795788338	0	0.113830662893059	0	0.0241225883674253	0.134148255473587	0	0	0.100915500287975	0.052183870326615	0	0.125599140839364	0.200159348813299	0	0	0.0295638869497417	0	0	0.00469977470336012
TCGA-59-2352-01A-01R-1569-13	0	0	0.220537543360522	0.0597375464673029	0	0.062142482805664	0	0.0441081537960164	0.0517229046521626	0	0	0.0838620762237094	0	0.254642142853806	0.0890947585063551	0.0716475838938876	0	0.0364029486709856	0.0261018587695889	0	0	0
TCGA-13-0905-01B-01R-1565-13	0	0.00784061324546428	0.00485171379746947	0	0	0.185839272613044	0	0.0699396172220554	0.0716573799350773	0.00885203459338218	0	0.0386003891489358	0	0.338777997013227	0.0872309847029906	0.0944275131020457	0	0.0864412293381879	0.00095439043734494	0	0	0.00458686485077558
TCGA-13-1507-01A-01R-1565-13	0.00230373074385634	0	0.190972099189588	0.0916165014237053	0	0.134095539601266	0.0237816296946435	0.0444029986706859	0.00638905473787415	0.0147818047208543	0	0.0844775569727675	0.0315468958799919	0.0633021978380413	0.133371504008572	0.152104762445503	0.0157442900470413	0	0	0.00105265666831704	0.00594192207023343	0.00411485528706042
TCGA-24-1422-01A-01R-1565-13	0.0416429903196606	0	0.00406409567887646	0.0700925321480471	0	0.188514111722258	0.012666613690254	0.0212580417332051	0.0548339734994614	0	0.0377501863605472	0.0577731656402475	0.0985127298968881	0.0875964672482175	0.0449242269747051	0.263033923025428	0.00120538632371934	0	0	0.0161315557384847	0	0
TCGA-61-2012-01A-01R-1568-13	0	0	0.176264356367971	0.100075037175055	0	0.0996942350066269	0.00128854034772285	0.0260402391266158	0.06183300415621	0	0	0.00125275858400522	0	0.265405711155475	0.117940902278273	0.0768268609403795	0	0	0	0.0538091585373706	0	0.0195691963242942
TCGA-25-2393-01A-01R-1569-13	0.0761511760277254	0	0	0.0777005604225298	0	0.136295710958379	0.000827226672687647	0.0194384612647205	0.0190531125388922	0	0.0167950633547848	0	0.00491607255376872	0.353784012600903	0.0674251417170837	0.131058278574144	0.00486821573811123	0	0	0.0427986411016987	0.0265676321021042	0.0223206943724666
TCGA-24-1428-01A-01R-1564-13	0	0	0.0780948343362721	0.0264466068382891	0	0.106724069846916	0	0.0155470580455101	0.0838106563030098	0	0	0.0532067971013873	0.0141760739686333	0.404339722197777	0.0687017007709471	0.132643569587481	0	0.0163089110037772	0	0	0	0
TCGA-24-1435-01A-01R-1566-13	0	0.00278234729969145	0	0.0785752752341627	0	0.186240439078146	0	0.00794642501892583	0.044844344215199	0	0	0.0331285074213847	0.016672292179998	0.152973281261639	0.18937517085211	0.249045761695629	0.00830591429954809	0.00185317751017563	0.0254835944877248	0	0	0.00277346944566615
TCGA-09-2051-01A-01R-1568-13	0.0522715343597493	0	0.00938571047711881	0.0167260523484872	0	0.253926235139837	0	0.0682420304720921	0.0484651109362038	0	0.0435123779923854	0.0105612037318436	0.0753927236394276	0.0398899222377034	0.0650713667919873	0.167775051289099	0	0.124429467276036	0.0199197503967632	0	0	0.00443146291126653
TCGA-30-1718-01A-01R-1567-13	0.0445587744344088	0	0.098567899911857	0.0813077400226759	0	0.220059340097506	0	0.0490661251651144	0.0420474485092794	0	0	0.0372475101822465	0.0203407666172088	0.0886256783821302	0.0742075148026876	0.174272739763138	0	0.0431276478855966	0.0152583877108785	0	0	0.0113124265152716
TCGA-24-1104-01A-01R-1565-13	0.0456248916788428	0	0.0607501089827527	0.125620813755655	0	0.256256445385181	0	0.0500978908232358	0.0778543795420148	0	0	0.0666007859689804	0.068884629483776	0	0.0632964532829448	0.142777568941466	0	0	0	0.0422360321551514	0	0
TCGA-13-1483-01A-01R-1565-13	0.01120972907216	0	0	0.0484334423035809	0	0.207108061594688	0	0.0263400269946076	0.0615039463550921	0	0	0.0326214965482543	0.0294339773976487	0.27240273278574	0.027390536483147	0.113333375418182	0	0.140459341842201	0	0.0297633332046983	0	0
TCGA-13-1410-01A-01R-1565-13	0.0359093800765359	0	0.0457341889950651	0.00501019691144135	0	0.235254526755193	0	0.070769378536137	0.0317958082950724	0.0202745623199019	0	0.0205040507549004	0	0.123165588956617	0.146690165674074	0.164276169602481	0	0.0729715534380484	0	0.0276444296845328	0	0
TCGA-24-1846-01A-01R-1567-13	0.0327853866553351	0	0.00346598130330526	0.0539338045675294	0	0.140735161020449	0	0.00715382914141569	0.0950659534582047	0	0	0.0722141675886024	0.00152107797738475	0.352890191111046	0.082466950745598	0.134925559084055	0	0	0.022841937347074	0	0	0
TCGA-20-0991-01A-01R-1564-13	0	0.0324491571359249	0.106911527328096	0.141383010118642	0	0.102273940947103	0.0307618507324289	0.0194579247934619	0.0441994080571109	0	0	0.0763939019403194	0.0106933175551298	0.157022043131055	0.0679431473901776	0.190157241748509	0.00857718519642554	0	0	0	0	0.0117763439256158
TCGA-23-2078-01A-01R-1568-13	0.121124313392188	0	0.0291282512963754	0.14410848533602	0	0.207906537661057	0	0.0126976185410214	0.131733671495471	0	0.00511322014217176	0.0230094754946576	0.0200818771202541	0.03273987068489	0.149143611220597	0.108733036582004	0	0	0.0144800310332919	0	0	0
TCGA-13-1496-01A-01R-1565-13	0	0.105058458363454	0.0673960640354687	0.0899277798660152	0	0.218719645357442	0.0259115199538241	0.0475737522511449	0.0205028791299395	0.0239389905404878	0	0.0303889184144166	0	0.0161645209621478	0.110579590730014	0.114857931329304	0	0.0851456664942204	0.0214108031495341	0	0	0.022423479422587
TCGA-59-A5PD-01A-11R-A406-31	0.0580227130126921	0	0.0598219613842302	0.0267673136318402	0	0.233705218664283	0.0162077213960202	0.0292741644788881	0.033071653665136	0	0	0.027497245113144	0.00174546223445798	0.345935137054755	0.0446385750602064	0.0950341895529763	0	0	0	0.0282786447513709	0	0
TCGA-61-1998-01A-01R-1568-13	0.00393303709916322	0	0.00120343140501797	0.00737175269704158	0	0.102747167611764	0	0.0245332995727312	0.0539815548880592	0	0	0.0659372333823294	0	0.502918777202792	0.0159765976381688	0.206015589074978	0.00834187321489013	0	0.00398431990553918	0	0	0.00305536630752549
TCGA-29-1784-01A-02R-1567-13	0	0.0182131279886878	0.165559356237565	0.0230088088121461	0	0.199030486086011	0	0.00972295490205739	0.0520257164679885	0.00219595300299487	0	0.0322365848385382	0.0168109047103377	0.0904100355015748	0.106427154730078	0.220696493509051	0.0117217081358652	0	0.0513475721954336	0	0	0.00059314288167061
TCGA-13-0887-01A-01R-1564-13	0.000718278978281565	0.00316182388994495	0.0228377420740106	0.0147324638640987	0	0.260027546664582	0	0.086498560225021	0.013290990606959	0	0	0.0635074840659828	0.0118629184817835	0.0896886077019278	0.0670376844703875	0.170468403120161	0	0.146610812496593	0	0.0486790127119402	0.000877670648326315	0
TCGA-61-1907-01A-01R-1567-13	0.0269763448720081	0	0.0818350636701897	0.131748064038114	0	0.177083833315619	0	0.0128977043684973	0.0811303928457578	0	0	0.0246986046078577	0.0221321375501383	0.145585544540607	0.0569065015651606	0.181186510983184	0	0.0379810811700806	0	0.0178838607255653	0	0.00195435574722118
TCGA-13-0885-01A-02R-1569-13	0	0.0156497098012545	0	0.214202963168581	0	0.102168413658258	0.0169812646566848	0.0164151604310859	0.106344005795026	0	0	0.0500233782952728	0.00485376630171035	0.0338652500710864	0.134131239964707	0.242659878096473	0.016326530245847	0	0.0463784395140133	0	0	0
TCGA-13-1499-01A-01R-1565-13	0.0548831417491922	0.016939433184071	0.0787852502710186	0.152873348990057	0	0.149323905509841	0.000982976806938126	0.0411453454012915	0.122186469153253	0	0	0.0752159137546739	0.0346572053403107	0.0806779052943039	0.0897354824079039	0.0677251917723033	0	0.0048848491144477	0.0299835812503933	0	0	0
TCGA-09-0369-01A-01R-1564-13	0.0134206976775818	0	0.00112014007163817	0	0	0.152127457446427	0	0.00103216674195371	0.0769868163973667	0	0.0348535762111641	0	0	0.423882551419152	0.0228708883450736	0.268740199361985	0	0	0	0.00496550632765756	0	0
TCGA-23-1123-01A-01R-1565-13	0.0126325907999069	0	0.0272437940799071	0.133766845174973	0	0.206666062001903	0.00359664817164711	0.0546107130222166	0.0301488719733692	0	0.0281803504194166	0.000206841035646912	0.0338721952344265	0.115728799153739	0.114050715810299	0.220090004426817	0	0.00840200716521439	0.0108035615305174	0	0	0
TCGA-30-1857-01A-02R-1569-13	0	0.0105980762198818	0	0.0933342925230973	0	0.192667226882595	0	0.00843760233090473	0.0847317054957663	0	0	0.0308100891847283	0.0135968711896056	0.280451368033016	0.0919928929433011	0.142132853204983	0.0216706802435075	0	0.0295763417486127	0	0	0
TCGA-61-1737-01A-01R-1567-13	0	0.0062548452107426	0	0.031299957679499	0	0.241672169197664	0	0.025456728009001	0.0373333743920067	0	0	0.0220353690937286	0	0.269105419974463	0.0772085875635936	0.229100915361751	0.0351401104804304	0.000936110424833532	0	0.0244564126122874	0	0
TCGA-20-1682-01A-01R-1564-13	0.0826855077094238	0	0.0662300748908472	0.150169788794283	0	0.224358542511312	0.0896811976754148	0.01651164852019	0.0336801983542843	0	0	0.0131939865325988	0.0703545631914053	0.0646399309677583	0.0606001186656622	0.124791084309509	0	0.000665323774146436	0.00243803410316478	0	0	0
TCGA-24-0979-01A-01R-1565-13	0	0	0.0176852337625148	0.118109655534986	0	0.258684529692009	0	0.0676570787472186	0.00387315517529558	0	0	0.0516509538252529	0.0413792458721296	0.151710600726555	0.0846450414374522	0.021252677779095	0	0.0710373987457005	0.102244326205605	0	0.0100701024961849	0
TCGA-24-1845-01A-01R-1567-13	0	0	0.00647203599770271	0	0	0.224543062015526	0	0.0323418601815359	0.0175020970241439	0	0.0236567932473974	0.011785519907477	0.0474581901142545	0.27493214343836	0.107799445011246	0.124264295879646	0	0.0959221539762637	0	0.0276300064005207	0	0.00569239680592608
TCGA-24-2035-01A-01R-1568-13	0.0494696392546151	0	0.01874393522504	0.0650762637372287	0	0.194231354152311	0	0.0339557132401431	0.0286189172238205	0	0	0.0462651068373366	0.0792301693485626	0	0.0897972662159226	0.3055570843986	0.0223460826577561	0	0.0446960932474244	0	0	0.0220123744612393
TCGA-24-1417-01A-01R-1565-13	0	0.0393246641273913	0.011590735373496	0	0	0.254315994632135	0	0.0265425979246819	0.0293728574981026	0	0	0.0510081626913825	0.00209105854806122	0.196732374516875	0.0854554800716902	0.214296436678659	0	0.0459406126681113	0.0433290252694133	0	0	0
TCGA-24-2290-01A-01R-1568-13	0.000582376459307677	0.00463272391259032	0	0.0172729987599521	0	0.211827835768396	0	0.0164574758163286	0.0723891093148889	0	0.014344481170481	0.00071350439603655	0.0587772850572057	0.173407177474587	0.0879112676738131	0.222030991995338	0	0.0397660548622653	0	0.0696187718769632	0	0.0102679454618471
