Station     Year         1               2
51053	1981	603	610
51053	1982	604	612
51053	1983	614	622
51053	1984	618	625
51053	1985	615	622
51053	1986	613	621
51053	1987	617	626
51053	1988	616	623
51053	1989	609	617
51053	1990	606	612
51053	1991	609	616
51053	1992	611	620
51053	1993	616	624
51053	1994	609	616
51053	1995	608	617
51053	1996	613	620
51053	1997	528	604
51053	1998	612	619
51053	1999	607	615
51053	2000	601	609
51053	2001	605	613
51053	2002	607	614
51053	2003	609	616
51053	2004	606	614
51053	2005	607	614
51053	2006	610	617
51053	2007	603	611
51053	2008	531	606
51053	2009	604	613
51053	2010	616	622
51053	2011	605	612
51053	2012	601	608
51053	2013	604	613
51053	2014	605	613
51053	2015	603	610
51053	2016	601	608
51053	2017	603	611
51053	2018	605	612
51059	1981	609	617
51059	1982	612	620
51059	1983	624	701
51059	1984	625	702
51059	1985	623	701
51059	1986	621	629
51059	1987	626	704
51059	1988	622	702
51059	1989	618	627
51059	1990	613	620
51059	1991	615	623
51059	1992	620	628
51059	1993	626	703
51059	1994	616	623
51059	1995	617	626
51059	1996	620	627
51059	1997	531	609
51059	1998	618	626
51059	1999	613	622
51059	2000	608	617
51059	2001	609	617
51059	2002	615	623
51059	2003	616	623
51059	2004	612	619
51059	2005	613	619
51059	2006	615	623
51059	2007	611	619
51059	2008	605	612
51059	2009	613	623
51059	2010	620	630
51059	2011	610	617
51059	2012	607	614
51059	2013	611	621
51059	2014	610	616
51059	2015	608	616
51059	2016	609	616
51059	2017	609	617
51059	2018	613	621
51060	1981	602	609
51060	1982	603	611
51060	1983	611	618
51060	1984	615	623
51060	1985	612	620
51060	1986	611	619
51060	1987	613	621
51060	1988	614	620
51060	1989	606	614
51060	1990	603	610
51060	1991	606	614
51060	1992	608	617
51060	1993	613	621
51060	1994	607	614
51060	1995	605	613
51060	1996	611	618
51060	1997	524	531
51060	1998	610	617
51060	1999	605	612
51060	2000	530	607
51060	2001	604	612
51060	2002	605	612
51060	2003	606	614
51060	2004	603	611
51060	2005	604	611
51060	2006	608	614
51060	2007	531	609
51060	2008	530	605
51060	2009	602	610
51060	2010	614	620
51060	2011	605	612
51060	2012	531	606
51060	2013	603	611
51060	2014	604	612
51060	2015	531	608
51060	2016	530	607
51060	2017	602	610
51060	2018	605	611
51068	1981	603	609
51068	1982	603	610
51068	1983	610	617
51068	1984	614	621
51068	1985	611	618
51068	1986	608	616
51068	1987	613	620
51068	1988	614	620
51068	1989	605	613
51068	1990	604	611
51068	1991	605	613
51068	1992	607	615
51068	1993	614	622
51068	1994	606	613
51068	1995	605	612
51068	1996	610	618
51068	1997	524	530
51068	1998	609	616
51068	1999	605	611
51068	2000	530	607
51068	2001	602	610
51068	2002	606	613
51068	2003	606	613
51068	2004	602	610
51068	2005	603	610
51068	2006	607	613
51068	2007	531	608
51068	2008	529	603
51068	2009	531	608
51068	2010	612	618
51068	2011	603	609
51068	2012	529	604
51068	2013	531	608
51068	2014	602	610
51068	2015	531	607
51068	2016	531	607
51068	2017	601	608
51068	2018	604	611
51076	1981	603	611
51076	1982	604	612
51076	1983	613	622
51076	1984	617	624
51076	1985	614	622
51076	1986	612	620
51076	1987	616	624
51076	1988	617	623
51076	1989	607	615
51076	1990	606	613
51076	1991	608	616
51076	1992	608	617
51076	1993	617	625
51076	1994	608	615
51076	1995	608	617
51076	1996	612	620
51076	1997	523	530
51076	1998	614	621
51076	1999	607	615
51076	2000	601	609
51076	2001	605	613
51076	2002	607	615
51076	2003	610	617
51076	2004	605	612
51076	2005	606	613
51076	2006	612	619
51076	2007	603	611
51076	2008	530	605
51076	2009	602	610
51076	2010	617	622
51076	2011	605	612
51076	2012	601	608
51076	2013	605	613
51076	2014	607	614
51076	2015	603	610
51076	2016	603	610
51076	2017	604	612
51076	2018	605	612
51087	1981	604	611
51087	1982	604	612
51087	1983	614	622
51087	1984	616	624
51087	1985	615	623
51087	1986	613	621
51087	1987	616	625
51087	1988	618	625
51087	1989	608	616
51087	1990	609	615
51087	1991	608	616
51087	1992	608	617
51087	1993	617	625
51087	1994	609	616
51087	1995	608	616
51087	1996	612	620
51087	1997	522	529
51087	1998	614	620
51087	1999	608	616
51087	2000	602	610
51087	2001	607	615
51087	2002	608	616
51087	2003	611	618
51087	2004	604	612
51087	2005	607	614
51087	2006	613	620
51087	2007	601	609
51087	2008	530	605
51087	2009	603	611
51087	2010	618	623
51087	2011	606	613
51087	2012	603	610
51087	2013	606	613
51087	2014	608	615
51087	2015	602	610
51087	2016	603	610
51087	2017	606	614
51087	2018	605	612
51133	1981	530	606
51133	1982	601	609
51133	1983	602	610
51133	1984	607	615
51133	1985	609	616
51133	1986	608	617
51133	1987	610	617
51133	1988	611	617
51133	1989	604	613
51133	1990	602	609
51133	1991	602	609
51133	1992	605	613
51133	1993	611	619
51133	1994	604	612
51133	1995	601	608
51133	1996	609	616
51133	1997	520	528
51133	1998	609	617
51133	1999	603	610
51133	2000	524	601
51133	2001	528	604
51133	2002	602	610
51133	2003	606	614
51133	2004	529	605
51133	2005	526	605
51133	2006	530	607
51133	2007	526	603
51133	2008	521	528
51133	2009	528	605
51133	2010	607	613
51133	2011	530	606
51133	2012	523	530
51133	2013	522	531
51133	2014	529	607
51133	2015	526	604
51133	2016	525	601
51133	2017	528	604
51133	2018	529	606
51156	1981	615	623
51156	1982	615	623
51156	1983	627	706
51156	1984	627	706
51156	1985	624	703
51156	1986	624	702
51156	1987	627	705
51156	1988	626	705
51156	1989	620	629
51156	1990	617	624
51156	1991	617	625
51156	1992	622	629
51156	1993	627	705
51156	1994	619	627
51156	1995	619	627
51156	1996	622	629
51156	1997	531	610
51156	1998	621	629
51156	1999	617	626
51156	2000	613	622
51156	2001	612	620
51156	2002	620	628
51156	2003	619	627
51156	2004	614	621
51156	2005	615	622
51156	2006	617	625
51156	2007	615	623
51156	2008	607	615
51156	2009	614	624
51156	2010	620	629
51156	2011	613	621
51156	2012	611	619
51156	2013	612	622
51156	2014	617	624
51156	2015	613	622
51156	2016	613	621
51156	2017	614	621
51156	2018	616	624
51186	1981	615	622
51186	1982	615	622
51186	1983	628	708
51186	1984	626	705
51186	1985	626	704
51186	1986	623	702
51186	1987	628	707
51186	1988	627	707
51186	1989	618	627
51186	1990	617	625
51186	1991	618	626
51186	1992	618	627
51186	1993	628	707
51186	1994	618	626
51186	1995	620	628
51186	1996	621	629
51186	1997	601	611
51186	1998	620	628
51186	1999	617	625
51186	2000	612	621
51186	2001	616	623
51186	2002	616	625
51186	2003	620	628
51186	2004	614	622
51186	2005	616	623
51186	2006	622	630
51186	2007	611	620
51186	2008	608	616
51186	2009	612	623
51186	2010	626	705
51186	2011	613	621
51186	2012	611	619
51186	2013	616	625
51186	2014	616	624
51186	2015	613	622
51186	2016	612	619
51186	2017	614	620
51186	2018	613	621
51232	1981	519	527
51232	1982	520	526
51232	1983	518	528
51232	1984	527	602
51232	1985	526	602
51232	1986	525	601
51232	1987	527	602
51232	1988	530	606
51232	1989	524	531
51232	1990	522	529
51232	1991	521	528
51232	1992	522	530
51232	1993	527	603
51232	1994	524	531
51232	1995	519	527
51232	1996	527	604
51232	1997	507	516
51232	1998	529	604
51232	1999	522	529
51232	2000	517	522
51232	2001	518	525
51232	2002	526	601
51232	2003	528	603
51232	2004	520	527
51232	2005	520	526
51232	2006	521	528
51232	2007	516	524
51232	2008	515	521
51232	2009	516	524
51232	2010	530	606
51232	2011	521	529
51232	2012	515	523
51232	2013	512	520
51232	2014	520	528
51232	2015	516	523
51232	2016	516	524
51232	2017	523	529
51232	2018	519	528
51238	1981	527	603
51238	1982	527	605
51238	1983	529	607
51238	1984	603	611
51238	1985	605	613
51238	1986	602	610
51238	1987	602	611
51238	1988	606	613
51238	1989	531	607
51238	1990	530	606
51238	1991	529	605
51238	1992	530	606
51238	1993	604	611
51238	1994	531	608
51238	1995	527	604
51238	1996	605	611
51238	1997	516	524
51238	1998	604	611
51238	1999	529	605
51238	2000	522	530
51238	2001	525	531
51238	2002	531	607
51238	2003	603	609
51238	2004	525	601
51238	2005	526	603
51238	2006	527	603
51238	2007	524	531
51238	2008	521	529
51238	2009	525	602
51238	2010	604	611
51238	2011	527	603
51238	2012	521	529
51238	2013	520	529
51238	2014	527	603
51238	2015	522	530
51238	2016	524	601
51238	2017	527	603
51238	2018	523	602
51241	1981	609	617
51241	1982	611	620
51241	1983	613	622
51241	1984	617	625
51241	1985	615	622
51241	1986	618	626
51241	1987	619	630
51241	1988	618	625
51241	1989	613	623
51241	1990	611	618
51241	1991	608	616
51241	1992	614	623
51241	1993	620	629
51241	1994	613	620
51241	1995	609	618
51241	1996	618	625
51241	1997	528	604
51241	1998	617	624
51241	1999	611	621
51241	2000	602	611
51241	2001	604	613
51241	2002	614	622
51241	2003	615	622
51241	2004	607	616
51241	2005	607	614
51241	2006	608	615
51241	2007	604	613
51241	2008	530	606
51241	2009	609	618
51241	2010	615	621
51241	2011	607	615
51241	2012	601	609
51241	2013	602	610
51241	2014	609	616
51241	2015	604	612
51241	2016	604	611
51241	2017	606	615
51241	2018	607	614
51243	1981	518	525
51243	1982	520	526
51243	1983	517	527
51243	1984	527	602
51243	1985	526	602
51243	1986	523	531
51243	1987	527	602
51243	1988	531	607
51243	1989	522	528
51243	1990	521	528
51243	1991	521	528
51243	1992	522	528
51243	1993	528	604
51243	1994	524	531
51243	1995	519	527
51243	1996	526	603
51243	1997	506	515
51243	1998	529	604
51243	1999	523	530
51243	2000	517	523
51243	2001	518	525
51243	2002	526	531
51243	2003	527	603
51243	2004	518	525
51243	2005	518	525
51243	2006	522	529
51243	2007	517	525
51243	2008	514	520
51243	2009	516	524
51243	2010	531	606
51243	2011	522	530
51243	2012	515	523
51243	2013	514	523
51243	2014	519	527
51243	2015	516	523
51243	2016	516	525
51243	2017	522	528
51243	2018	514	523
51288	1981	620	628
51288	1982	622	629
51288	1983	707	716
51288	1984	704	714
51288	1985	702	710
51288	1986	630	709
51288	1987	706	714
51288	1988	704	713
51288	1989	626	706
51288	1990	625	704
51288	1991	624	703
51288	1992	626	703
51288	1993	705	715
51288	1994	627	706
51288	1995	629	705
51288	1996	629	708
51288	1997	610	618
51288	1998	627	706
51288	1999	624	703
51288	2000	620	628
51288	2001	620	628
51288	2002	627	705
51288	2003	628	708
51288	2004	621	629
51288	2005	620	630
51288	2006	628	705
51288	2007	621	629
51288	2008	615	625
51288	2009	622	702
51288	2010	701	709
51288	2011	620	628
51288	2012	618	626
51288	2013	623	702
51288	2014	623	701
51288	2015	620	628
51288	2016	620	630
51288	2017	620	628
51288	2018	618	626
51330	1981	616	624
51330	1982	615	624
51330	1983	621	629
51330	1984	623	630
51330	1985	620	629
51330	1986	622	701
51330	1987	623	702
51330	1988	622	701
51330	1989	621	630
51330	1990	617	624
51330	1991	615	624
51330	1992	622	630
51330	1993	624	702
51330	1994	619	627
51330	1995	616	624
51330	1996	624	702
51330	1997	602	612
51330	1998	622	629
51330	1999	619	627
51330	2000	610	619
51330	2001	610	618
51330	2002	622	630
51330	2003	620	629
51330	2004	616	623
51330	2005	611	619
51330	2006	614	622
51330	2007	612	621
51330	2008	606	614
51330	2009	614	623
51330	2010	618	626
51330	2011	612	621
51330	2012	608	617
51330	2013	609	619
51330	2014	616	624
51330	2015	609	619
51330	2016	609	616
51330	2017	614	621
51330	2018	612	621
51334	1981	520	529
51334	1982	522	529
51334	1983	521	530
51334	1984	529	604
51334	1985	529	606
51334	1986	527	603
51334	1987	528	605
51334	1988	601	608
51334	1989	526	602
51334	1990	524	601
51334	1991	523	531
51334	1992	524	601
51334	1993	530	606
51334	1994	527	603
51334	1995	522	530
51334	1996	529	607
51334	1997	510	519
51334	1998	531	606
51334	1999	524	601
51334	2000	519	525
51334	2001	520	527
51334	2002	527	602
51334	2003	529	604
51334	2004	521	528
51334	2005	520	527
51334	2006	522	529
51334	2007	517	525
51334	2008	516	522
51334	2009	517	525
51334	2010	530	606
51334	2011	522	530
51334	2012	515	523
51334	2013	514	522
51334	2014	521	528
51334	2015	518	525
51334	2016	517	526
51334	2017	522	528
51334	2018	517	525
51346	1981	519	527
51346	1982	521	527
51346	1983	519	529
51346	1984	529	604
51346	1985	528	605
51346	1986	525	601
51346	1987	529	605
51346	1988	531	607
51346	1989	525	601
51346	1990	523	531
51346	1991	522	529
51346	1992	523	531
51346	1993	529	605
51346	1994	525	601
51346	1995	520	529
51346	1996	528	606
51346	1997	509	518
51346	1998	601	607
51346	1999	524	531
51346	2000	518	524
51346	2001	518	526
51346	2002	527	602
51346	2003	528	604
51346	2004	520	528
51346	2005	519	526
51346	2006	522	528
51346	2007	518	526
51346	2008	516	522
51346	2009	518	526
51346	2010	601	608
51346	2011	523	530
51346	2012	516	524
51346	2013	515	523
51346	2014	521	529
51346	2015	517	525
51346	2016	519	527
51346	2017	524	530
51346	2018	517	526
51358	1981	521	530
51358	1982	524	531
51358	1983	525	602
51358	1984	531	607
51358	1985	531	608
51358	1986	527	603
51358	1987	530	607
51358	1988	603	610
51358	1989	527	603
51358	1990	527	603
51358	1991	526	602
51358	1992	526	603
51358	1993	531	607
51358	1994	528	604
51358	1995	524	601
51358	1996	531	608
51358	1997	513	522
51358	1998	601	608
51358	1999	526	602
51358	2000	520	527
51358	2001	519	527
51358	2002	528	603
51358	2003	530	605
51358	2004	521	529
51358	2005	520	528
51358	2006	524	530
51358	2007	519	527
51358	2008	517	523
51358	2009	520	529
51358	2010	602	609
51358	2011	524	531
51358	2012	517	525
51358	2013	516	524
51358	2014	522	529
51358	2015	519	526
51358	2016	521	529
51358	2017	524	531
51358	2018	518	526
51365	1981	523	601
51365	1982	526	603
51365	1983	529	607
51365	1984	602	609
51365	1985	601	609
51365	1986	529	606
51365	1987	531	607
51365	1988	603	611
51365	1989	527	603
51365	1990	528	603
51365	1991	527	603
51365	1992	527	604
51365	1993	602	609
51365	1994	529	605
51365	1995	526	602
51365	1996	601	608
51365	1997	515	523
51365	1998	601	608
51365	1999	527	603
51365	2000	521	528
51365	2001	520	528
51365	2002	529	603
51365	2003	531	606
51365	2004	522	529
51365	2005	521	528
51365	2006	526	601
51365	2007	520	528
51365	2008	520	526
51365	2009	520	529
51365	2010	603	610
51365	2011	526	602
51365	2012	519	527
51365	2013	519	527
51365	2014	525	531
51365	2015	519	526
51365	2016	520	528
51365	2017	525	601
51365	2018	517	526
51367	1981	521	530
51367	1982	523	530
51367	1983	525	603
51367	1984	601	608
51367	1985	601	609
51367	1986	527	603
51367	1987	531	608
51367	1988	604	612
51367	1989	528	604
51367	1990	528	604
51367	1991	527	603
51367	1992	526	603
51367	1993	602	609
51367	1994	529	605
51367	1995	525	602
51367	1996	601	609
51367	1997	514	522
51367	1998	602	608
51367	1999	527	603
51367	2000	521	527
51367	2001	519	527
51367	2002	529	603
51367	2003	531	606
51367	2004	522	529
51367	2005	521	529
51367	2006	525	531
51367	2007	521	529
51367	2008	519	525
51367	2009	518	528
51367	2010	602	609
51367	2011	523	530
51367	2012	516	524
51367	2013	516	524
51367	2014	524	530
51367	2015	518	526
51367	2016	520	528
51367	2017	524	531
51367	2018	516	525
51379	1981	529	605
51379	1982	530	607
51379	1983	605	612
51379	1984	606	615
51379	1985	608	615
51379	1986	604	613
51379	1987	607	616
51379	1988	610	617
51379	1989	601	610
51379	1990	604	611
51379	1991	602	610
51379	1992	603	610
51379	1993	607	615
51379	1994	604	613
51379	1995	602	609
51379	1996	609	616
51379	1997	522	529
51379	1998	607	615
51379	1999	603	610
51379	2000	528	605
51379	2001	529	605
51379	2002	603	611
51379	2003	606	613
51379	2004	529	606
51379	2005	529	607
51379	2006	601	609
51379	2007	527	604
51379	2008	526	601
51379	2009	529	606
51379	2010	609	616
51379	2011	601	608
51379	2012	527	604
51379	2013	526	603
51379	2014	601	610
51379	2015	525	603
51379	2016	527	604
51379	2017	530	606
51379	2018	524	602
51431	1981	517	526
51431	1982	521	528
51431	1983	521	531
51431	1984	527	603
51431	1985	527	605
51431	1986	529	607
51431	1987	528	604
51431	1988	529	606
51431	1989	529	605
51431	1990	523	601
51431	1991	523	601
51431	1992	524	602
51431	1993	528	605
51431	1994	527	604
51431	1995	522	601
51431	1996	602	610
51431	1997	514	523
51431	1998	601	609
51431	1999	522	601
51431	2000	518	525
51431	2001	516	522
51431	2002	524	531
51431	2003	531	606
51431	2004	516	522
51431	2005	516	524
51431	2006	521	528
51431	2007	515	522
51431	2008	513	520
51431	2009	521	528
51431	2010	523	531
51431	2011	522	529
51431	2012	517	525
51431	2013	513	522
51431	2014	521	529
51431	2015	516	523
51431	2016	508	516
51431	2017	521	528
51431	2018	511	519
51433	1981	602	611
51433	1982	604	613
51433	1983	607	616
51433	1984	608	617
51433	1985	611	619
51433	1986	614	623
51433	1987	611	620
51433	1988	613	620
51433	1989	610	620
51433	1990	608	617
51433	1991	606	616
51433	1992	609	619
51433	1993	613	622
51433	1994	613	622
51433	1995	606	614
51433	1996	617	626
51433	1997	528	605
51433	1998	613	622
51433	1999	609	619
51433	2000	530	609
51433	2001	529	606
51433	2002	605	614
51433	2003	612	620
51433	2004	602	611
51433	2005	531	608
51433	2006	601	610
51433	2007	528	605
51433	2008	525	602
51433	2009	603	611
51433	2010	608	615
51433	2011	602	611
51433	2012	528	606
51433	2013	527	605
51433	2014	604	613
51433	2015	531	609
51433	2016	526	604
51433	2017	603	612
51433	2018	526	604
51437	1981	625	706
51437	1982	625	706
51437	1983	702	714
51437	1984	705	715
51437	1985	630	710
51437	1986	706	717
51437	1987	709	720
51437	1988	704	715
51437	1989	708	718
51437	1990	625	705
51437	1991	628	709
51437	1992	701	713
51437	1993	704	715
51437	1994	701	712
51437	1995	628	707
51437	1996	708	718
51437	1997	617	627
51437	1998	702	711
51437	1999	705	715
51437	2000	623	703
51437	2001	619	630
51437	2002	630	712
51437	2003	703	714
51437	2004	624	705
51437	2005	619	629
51437	2006	624	704
51437	2007	617	626
51437	2008	614	623
51437	2009	628	709
51437	2010	628	708
51437	2011	620	701
51437	2012	618	627
51437	2013	617	628
51437	2014	623	701
51437	2015	624	703
51437	2016	613	624
51437	2017	622	702
51437	2018	619	630
51463	1981	529	605
51463	1982	530	607
51463	1983	601	610
51463	1984	607	614
51463	1985	608	615
51463	1986	604	613
51463	1987	607	616
51463	1988	611	618
51463	1989	601	609
51463	1990	603	609
51463	1991	531	607
51463	1992	602	610
51463	1993	607	615
51463	1994	604	612
51463	1995	531	607
51463	1996	608	614
51463	1997	518	526
51463	1998	606	614
51463	1999	531	607
51463	2000	525	601
51463	2001	525	601
51463	2002	603	610
51463	2003	606	613
51463	2004	527	603
51463	2005	526	603
51463	2006	530	606
51463	2007	525	603
51463	2008	521	528
51463	2009	525	603
51463	2010	607	613
51463	2011	530	606
51463	2012	523	531
51463	2013	521	531
51463	2014	529	607
51463	2015	524	601
51463	2016	525	602
51463	2017	530	606
51463	2018	522	531
51467	1981	531	609
51467	1982	608	617
51467	1983	611	620
51467	1984	608	618
51467	1985	609	617
51467	1986	610	620
51467	1987	609	619
51467	1988	616	623
51467	1989	610	620
51467	1990	607	616
51467	1991	608	617
51467	1992	609	619
51467	1993	610	619
51467	1994	611	620
51467	1995	607	616
51467	1996	613	622
51467	1997	527	604
51467	1998	607	616
51467	1999	605	615
51467	2000	531	611
51467	2001	531	608
51467	2002	604	613
51467	2003	607	614
51467	2004	528	606
51467	2005	529	606
51467	2006	605	613
51467	2007	526	604
51467	2008	528	604
51467	2009	601	610
51467	2010	608	616
51467	2011	602	611
51467	2012	605	614
51467	2013	531	609
51467	2014	615	625
51467	2015	608	618
51467	2016	603	611
51467	2017	611	619
51467	2018	605	615
51469	1981	717	731
51469	1982	723	804
51469	1983	801	813
51469	1984	731	812
51469	1985	727	808
51469	1986	726	806
51469	1987	731	813
51469	1988	729	811
51469	1989	730	812
51469	1990	725	806
51469	1991	722	802
51469	1992	727	811
51469	1993	801	817
51469	1994	725	808
51469	1995	727	810
51469	1996	727	808
51469	1997	710	721
51469	1998	720	802
51469	1999	723	802
51469	2000	715	728
51469	2001	712	724
51469	2002	722	804
51469	2003	709	721
51469	2004	630	710
51469	2005	629	709
51469	2006	703	714
51469	2007	630	711
51469	2008	625	704
51469	2009	708	718
51469	2010	709	719
51469	2011	628	710
51469	2012	627	707
51469	2013	630	711
51469	2014	704	714
51469	2015	701	711
51469	2016	629	709
51469	2017	630	709
51469	2018	629	709
51470	1981	705	714
51470	1982	707	718
51470	1983	717	726
51470	1984	717	729
51470	1985	712	723
51470	1986	715	724
51470	1987	718	726
51470	1988	717	728
51470	1989	712	722
51470	1990	709	720
51470	1991	708	717
51470	1992	714	723
51470	1993	717	728
51470	1994	712	723
51470	1995	709	719
51470	1996	713	724
51470	1997	625	706
51470	1998	710	720
51470	1999	710	719
51470	2000	704	712
51470	2001	701	711
51470	2002	713	721
51470	2003	714	726
51470	2004	705	714
51470	2005	702	711
51470	2006	706	718
51470	2007	705	715
51470	2008	630	709
51470	2009	712	722
51470	2010	713	722
51470	2011	705	714
51470	2012	702	712
51470	2013	715	726
51470	2014	711	721
51470	2015	705	716
51470	2016	704	715
51470	2017	706	714
51470	2018	707	716
51477	1981	601	609
51477	1982	605	613
51477	1983	609	616
51477	1984	610	618
51477	1985	610	618
51477	1986	609	618
51477	1987	609	618
51477	1988	613	620
51477	1989	607	615
51477	1990	608	615
51477	1991	606	614
51477	1992	607	616
51477	1993	611	620
51477	1994	609	617
51477	1995	606	613
51477	1996	611	620
51477	1997	525	601
51477	1998	610	618
51477	1999	605	613
51477	2000	531	608
51477	2001	601	608
51477	2002	606	614
51477	2003	610	618
51477	2004	602	611
51477	2005	601	609
51477	2006	606	613
51477	2007	531	608
51477	2008	528	604
51477	2009	602	611
51477	2010	611	617
51477	2011	603	610
51477	2012	530	607
51477	2013	528	605
51477	2014	606	614
51477	2015	531	608
51477	2016	529	606
51477	2017	604	613
51477	2018	601	609
51495	1981	518	525
51495	1982	523	529
51495	1983	527	603
51495	1984	528	603
51495	1985	528	605
51495	1986	525	601
51495	1987	526	602
51495	1988	530	606
51495	1989	524	530
51495	1990	525	602
51495	1991	525	601
51495	1992	524	531
51495	1993	527	603
51495	1994	526	601
51495	1995	525	601
51495	1996	527	605
51495	1997	510	518
51495	1998	530	605
51495	1999	516	523
51495	2000	511	518
51495	2001	513	519
51495	2002	518	525
51495	2003	523	529
51495	2004	512	518
51495	2005	509	515
51495	2006	518	526
51495	2007	510	517
51495	2008	510	515
51495	2009	510	515
51495	2010	524	531
51495	2011	516	523
51495	2012	509	516
51495	2013	503	511
51495	2014	514	521
51495	2015	511	518
51495	2016	505	513
51495	2017	512	518
51495	2018	504	512
51526	1981	514	521
51526	1982	521	527
51526	1983	522	530
51526	1984	523	530
51526	1985	522	528
51526	1986	522	530
51526	1987	521	528
51526	1988	522	531
51526	1989	521	527
51526	1990	521	529
51526	1991	520	528
51526	1992	519	526
51526	1993	522	528
51526	1994	520	528
51526	1995	521	529
51526	1996	525	601
51526	1997	511	519
51526	1998	525	601
51526	1999	520	527
51526	2000	517	523
51526	2001	517	524
51526	2002	522	528
51526	2003	525	531
51526	2004	515	521
51526	2005	513	521
51526	2006	522	529
51526	2007	514	521
51526	2008	515	521
51526	2009	517	523
51526	2010	525	601
51526	2011	520	527
51526	2012	517	524
51526	2013	510	518
51526	2014	519	527
51526	2015	515	522
51526	2016	510	519
51526	2017	517	524
51526	2018	509	517
51542	1981	730	813
51542	1982	804	819
51542	1983	813	827
51542	1984	810	824
51542	1985	811	827
51542	1986	806	821
51542	1987	813	826
51542	1988	808	825
51542	1989	814	830
51542	1990	802	817
51542	1991	804	819
51542	1992	812	829
51542	1993	814	831
51542	1994	807	823
51542	1995	809	823
51542	1996	807	823
51542	1997	724	807
51542	1998	801	814
51542	1999	731	812
51542	2000	731	814
51542	2001	731	814
51542	2002	807	819
51542	2003	810	825
51542	2004	728	811
51542	2005	728	811
51542	2006	802	815
51542	2007	723	806
51542	2008	723	804
51542	2009	810	827
51542	2010	801	814
51542	2011	730	812
51542	2012	728	811
51542	2013	731	814
51542	2014	811	826
51542	2015	725	805
51542	2016	725	807
51542	2017	725	806
51542	2018	731	812
51567	1981	518	525
51567	1982	524	531
51567	1983	527	603
51567	1984	526	602
51567	1985	525	602
51567	1986	526	603
51567	1987	525	601
51567	1988	529	606
51567	1989	526	601
51567	1990	523	531
51567	1991	524	601
51567	1992	523	530
51567	1993	524	601
51567	1994	524	601
51567	1995	525	602
51567	1996	527	605
51567	1997	516	523
51567	1998	528	604
51567	1999	520	528
51567	2000	518	525
51567	2001	520	527
51567	2002	524	531
51567	2003	528	604
51567	2004	518	525
51567	2005	517	525
51567	2006	523	531
51567	2007	516	524
51567	2008	517	524
51567	2009	519	526
51567	2010	527	604
51567	2011	523	531
51567	2012	519	526
51567	2013	513	521
51567	2014	522	530
51567	2015	517	525
51567	2016	511	520
51567	2017	518	526
51567	2018	512	520
51573	1981	429	506
51573	1982	505	512
51573	1983	510	516
51573	1984	512	518
51573	1985	508	514
51573	1986	509	514
51573	1987	510	516
51573	1988	511	511
51573	1989	506	512
51573	1990	506	511
51573	1991	513	518
51573	1992	509	515
51573	1993	519	524
51573	1994	509	514
51573	1995	506	511
51573	1996	519	524
51573	1997	425	501
51573	1998	511	517
51573	1999	511	516
51573	2000	506	512
51573	2001	520	525
51573	2002	510	509
51573	2003	509	515
51573	2004	427	504
51573	2005	517	504
51573	2006	522	513
51573	2007	429	504
51573	2008	514	519
51573	2009	428	505
51573	2010	523	529
51573	2011	506	512
51573	2012	505	506
51573	2013	423	429
51573	2014	502	508
51573	2015	502	508
51573	2016	426	501
51573	2017	508	513
51573	2018	420	426
51581	1981	507	513
51581	1982	515	521
51581	1983	517	526
51581	1984	519	526
51581	1985	517	523
51581	1986	516	522
51581	1987	516	522
51581	1988	518	520
51581	1989	513	519
51581	1990	513	519
51581	1991	518	525
51581	1992	516	522
51581	1993	525	530
51581	1994	515	521
51581	1995	511	518
51581	1996	523	529
51581	1997	501	507
51581	1998	517	524
51581	1999	516	522
51581	2000	512	518
51581	2001	524	530
51581	2002	516	517
51581	2003	517	523
51581	2004	506	513
51581	2005	523	512
51581	2006	527	521
51581	2007	506	513
51581	2008	519	524
51581	2009	507	515
51581	2010	529	604
51581	2011	513	519
51581	2012	513	515
51581	2013	501	508
51581	2014	510	518
51581	2015	508	514
51581	2016	504	510
51581	2017	515	520
51581	2018	430	506
51628	1981	512	519
51628	1982	519	526
51628	1983	524	531
51628	1984	525	531
51628	1985	519	526
51628	1986	522	530
51628	1987	523	531
51628	1988	525	529
51628	1989	520	527
51628	1990	518	526
51628	1991	526	603
51628	1992	520	527
51628	1993	529	604
51628	1994	521	527
51628	1995	518	526
51628	1996	531	608
51628	1997	508	517
51628	1998	519	527
51628	1999	522	529
51628	2000	517	523
51628	2001	528	603
51628	2002	519	520
51628	2003	521	528
51628	2004	511	519
51628	2005	530	517
51628	2006	529	523
51628	2007	507	514
51628	2008	520	527
51628	2009	510	518
51628	2010	602	609
51628	2011	516	524
51628	2012	516	519
51628	2013	504	512
51628	2014	513	520
51628	2015	510	517
51628	2016	507	514
51628	2017	517	523
51628	2018	501	509
51633	1981	518	526
51633	1982	524	601
51633	1983	530	608
51633	1984	531	606
51633	1985	526	604
51633	1986	529	606
51633	1987	530	607
51633	1988	602	609
51633	1989	526	602
51633	1990	526	603
51633	1991	531	608
51633	1992	526	604
51633	1993	603	610
51633	1994	528	604
51633	1995	527	604
51633	1996	607	614
51633	1997	517	526
51633	1998	527	604
51633	1999	527	604
51633	2000	522	531
51633	2001	602	609
51633	2002	527	530
51633	2003	529	605
51633	2004	519	528
51633	2005	604	529
51633	2006	603	530
51633	2007	514	522
51633	2008	527	603
51633	2009	519	528
51633	2010	609	615
51633	2011	525	602
51633	2012	523	528
51633	2013	515	523
51633	2014	522	531
51633	2015	520	529
51633	2016	517	526
51633	2017	525	601
51633	2018	513	522
51639	1981	509	516
51639	1982	517	524
51639	1983	520	529
51639	1984	522	528
51639	1985	517	524
51639	1986	518	527
51639	1987	521	528
51639	1988	522	526
51639	1989	516	523
51639	1990	515	522
51639	1991	521	529
51639	1992	518	525
51639	1993	526	601
51639	1994	518	524
51639	1995	516	524
51639	1996	527	603
51639	1997	505	513
51639	1998	518	526
51639	1999	519	525
51639	2000	514	521
51639	2001	528	602
51639	2002	519	519
51639	2003	519	525
51639	2004	508	516
51639	2005	527	514
51639	2006	527	520
51639	2007	506	513
51639	2008	520	527
51639	2009	507	516
51639	2010	602	608
51639	2011	515	522
51639	2012	514	516
51639	2013	502	509
51639	2014	511	519
51639	2015	509	516
51639	2016	506	513
51639	2017	517	523
51639	2018	430	508
51642	1981	509	516
51642	1982	519	525
51642	1983	521	529
51642	1984	522	529
51642	1985	518	525
51642	1986	519	527
51642	1987	522	529
51642	1988	524	528
51642	1989	517	524
51642	1990	517	524
51642	1991	522	529
51642	1992	519	525
51642	1993	527	601
51642	1994	518	525
51642	1995	516	524
51642	1996	527	604
51642	1997	504	512
51642	1998	519	526
51642	1999	519	525
51642	2000	514	521
51642	2001	527	602
51642	2002	518	519
51642	2003	519	525
51642	2004	507	515
51642	2005	526	513
51642	2006	528	522
51642	2007	506	513
51642	2008	520	527
51642	2009	507	515
51642	2010	602	608
51642	2011	516	524
51642	2012	516	519
51642	2013	504	512
51642	2014	515	522
51642	2015	512	519
51642	2016	509	516
51642	2017	518	525
51642	2018	504	512
51644	1981	508	515
51644	1982	517	524
51644	1983	520	528
51644	1984	523	529
51644	1985	518	525
51644	1986	518	527
51644	1987	521	529
51644	1988	524	528
51644	1989	517	524
51644	1990	517	524
51644	1991	523	530
51644	1992	520	526
51644	1993	529	603
51644	1994	520	526
51644	1995	517	525
51644	1996	528	606
51644	1997	506	514
51644	1998	520	528
51644	1999	521	527
51644	2000	515	522
51644	2001	529	603
51644	2002	522	522
51644	2003	521	528
51644	2004	511	520
51644	2005	531	520
51644	2006	531	525
51644	2007	509	517
51644	2008	523	530
51644	2009	512	520
51644	2010	605	612
51644	2011	518	527
51644	2012	518	520
51644	2013	505	513
51644	2014	516	523
51644	2015	513	520
51644	2016	510	518
51644	2017	520	527
51644	2018	505	513
51655	1981	511	519
51655	1982	520	526
51655	1983	523	531
51655	1984	523	529
51655	1985	519	526
51655	1986	520	528
51655	1987	522	529
51655	1988	524	529
51655	1989	518	524
51655	1990	517	524
51655	1991	523	530
51655	1992	520	526
51655	1993	528	602
51655	1994	519	525
51655	1995	517	525
51655	1996	527	604
51655	1997	506	514
51655	1998	520	528
51655	1999	519	526
51655	2000	515	521
51655	2001	528	602
51655	2002	520	522
51655	2003	519	526
51655	2004	509	517
51655	2005	526	515
51655	2006	528	523
51655	2007	508	515
51655	2008	521	527
51655	2009	509	517
51655	2010	603	609
51655	2011	517	524
51655	2012	516	518
51655	2013	505	512
51655	2014	515	522
51655	2015	511	518
51655	2016	508	515
51655	2017	518	524
51655	2018	502	509
51656	1981	507	514
51656	1982	517	524
51656	1983	519	528
51656	1984	521	527
51656	1985	516	523
51656	1986	517	525
51656	1987	520	528
51656	1988	521	524
51656	1989	515	522
51656	1990	515	521
51656	1991	521	528
51656	1992	517	524
51656	1993	528	602
51656	1994	518	524
51656	1995	516	524
51656	1996	527	603
51656	1997	503	509
51656	1998	520	528
51656	1999	519	525
51656	2000	514	521
51656	2001	528	602
51656	2002	519	519
51656	2003	519	525
51656	2004	508	516
51656	2005	526	513
51656	2006	529	523
51656	2007	507	514
51656	2008	520	527
51656	2009	506	514
51656	2010	603	608
51656	2011	514	521
51656	2012	514	516
51656	2013	430	508
51656	2014	509	518
51656	2015	508	515
51656	2016	508	515
51656	2017	518	524
51656	2018	503	511
51701	1981	613	717
51701	1982	705	728
51701	1983	603	628
51701	1984	831	530
51701	1985	517	703
51701	1986	615	720
51701	1987	621	710
51701	1988	529	709
51701	1989	621	707
51701	1990	912	520
51701	1991	610	711
51701	1992	614	706
51701	1993	602	627
51701	1994	904	612
51701	1995	527	701
51701	1996	528	624
51701	1997	904	417
51701	1998	1008	620
51701	1999	512	620
51701	2000	511	611
51701	2001	513	615
51701	2002	508	623
51701	2003	518	623
51701	2004	526	623
51701	2005	517	622
51701	2006	918	505
51701	2007	909	517
51701	2008	907	527
51701	2009	624	718
51701	2010	506	616
51701	2011	913	606
51701	2012	528	623
51701	2013	928	601
51701	2014	507	617
51701	2015	912	523
51701	2016	1001	602
51701	2017	1011	611
51701	2018	928	314
51704	1981	505	511
51704	1982	512	520
51704	1983	517	524
51704	1984	520	526
51704	1985	512	520
51704	1986	516	524
51704	1987	520	528
51704	1988	517	520
51704	1989	514	521
51704	1990	514	520
51704	1991	520	528
51704	1992	517	524
51704	1993	525	530
51704	1994	517	523
51704	1995	517	525
51704	1996	529	605
51704	1997	504	511
51704	1998	514	521
51704	1999	519	524
51704	2000	512	518
51704	2001	525	531
51704	2002	513	511
51704	2003	515	522
51704	2004	505	512
51704	2005	527	512
51704	2006	525	518
51704	2007	503	509
51704	2008	518	524
51704	2009	506	514
51704	2010	530	607
51704	2011	514	520
51704	2012	515	518
51704	2013	429	507
51704	2014	508	515
51704	2015	507	513
51704	2016	504	510
51704	2017	515	520
51704	2018	427	504
51705	1981	529	608
51705	1982	607	615
51705	1983	611	620
51705	1984	609	617
51705	1985	605	614
51705	1986	616	624
51705	1987	613	624
51705	1988	614	620
51705	1989	612	621
51705	1990	607	615
51705	1991	610	619
51705	1992	609	618
51705	1993	612	620
51705	1994	610	618
51705	1995	614	624
51705	1996	620	628
51705	1997	529	606
51705	1998	606	616
51705	1999	611	620
51705	2000	602	612
51705	2001	610	618
51705	2002	604	608
51705	2003	609	618
51705	2004	531	610
51705	2005	617	617
51705	2006	614	613
51705	2007	523	602
51705	2008	606	613
51705	2009	602	612
51705	2010	621	629
51705	2011	605	613
51705	2012	610	617
51705	2013	527	606
51705	2014	604	614
51705	2015	601	609
51705	2016	530	607
51705	2017	604	613
51705	2018	527	606
51709	1981	508	515
51709	1982	517	524
51709	1983	520	528
51709	1984	524	530
51709	1985	516	523
51709	1986	519	528
51709	1987	524	531
51709	1988	521	523
51709	1989	518	525
51709	1990	517	525
51709	1991	523	531
51709	1992	521	529
51709	1993	528	603
51709	1994	521	527
51709	1995	520	528
51709	1996	601	608
51709	1997	506	514
51709	1998	517	524
51709	1999	521	528
51709	2000	514	521
51709	2001	527	602
51709	2002	514	513
51709	2003	516	523
51709	2004	506	514
51709	2005	528	514
51709	2006	527	519
51709	2007	504	511
51709	2008	519	526
51709	2009	507	516
51709	2010	601	608
51709	2011	515	522
51709	2012	516	519
51709	2013	430	509
51709	2014	511	519
51709	2015	510	516
51709	2016	508	515
51709	2017	518	524
51709	2018	430	508
51711	1981	530	610
51711	1982	607	616
51711	1983	614	623
51711	1984	610	619
51711	1985	607	617
51711	1986	616	624
51711	1987	612	624
51711	1988	614	622
51711	1989	612	622
51711	1990	608	617
51711	1991	615	625
51711	1992	609	618
51711	1993	614	623
51711	1994	610	619
51711	1995	611	620
51711	1996	620	628
51711	1997	601	611
51711	1998	608	618
51711	1999	611	620
51711	2000	602	612
51711	2001	611	620
51711	2002	606	611
51711	2003	611	620
51711	2004	531	610
51711	2005	614	611
51711	2006	614	613
51711	2007	524	602
51711	2008	606	613
51711	2009	601	610
51711	2010	620	628
51711	2011	604	613
51711	2012	606	614
51711	2013	525	604
51711	2014	604	614
51711	2015	602	611
51711	2016	530	608
51711	2017	609	617
51711	2018	526	604
51716	1981	506	513
51716	1982	514	522
51716	1983	518	526
51716	1984	519	526
51716	1985	513	521
51716	1986	517	526
51716	1987	519	527
51716	1988	518	520
51716	1989	515	522
51716	1990	513	519
51716	1991	521	529
51716	1992	516	523
51716	1993	525	530
51716	1994	518	523
51716	1995	515	523
51716	1996	527	603
51716	1997	504	511
51716	1998	515	521
51716	1999	519	525
51716	2000	513	519
51716	2001	524	531
51716	2002	514	513
51716	2003	516	523
51716	2004	505	512
51716	2005	527	512
51716	2006	526	519
51716	2007	504	510
51716	2008	518	524
51716	2009	506	514
51716	2010	531	607
51716	2011	515	522
51716	2012	514	516
51716	2013	501	509
51716	2014	510	518
51716	2015	508	514
51716	2016	505	511
51716	2017	515	520
51716	2018	430	507
51720	1981	507	514
51720	1982	515	522
51720	1983	518	526
51720	1984	521	527
51720	1985	515	522
51720	1986	518	527
51720	1987	520	527
51720	1988	519	523
51720	1989	517	524
51720	1990	515	521
51720	1991	523	531
51720	1992	517	524
51720	1993	526	601
51720	1994	518	524
51720	1995	516	523
51720	1996	529	605
51720	1997	506	514
51720	1998	517	524
51720	1999	520	526
51720	2000	514	521
51720	2001	527	602
51720	2002	516	517
51720	2003	519	526
51720	2004	509	517
51720	2005	530	516
51720	2006	527	521
51720	2007	506	513
51720	2008	520	526
51720	2009	510	518
51720	2010	602	610
51720	2011	517	525
51720	2012	517	519
51720	2013	504	512
51720	2014	512	520
51720	2015	510	517
51720	2016	508	515
51720	2017	518	524
51720	2018	503	511
51730	1981	509	516
51730	1982	517	524
51730	1983	520	528
51730	1984	523	529
51730	1985	517	524
51730	1986	519	528
51730	1987	521	528
51730	1988	522	525
51730	1989	518	524
51730	1990	516	523
51730	1991	522	530
51730	1992	517	524
51730	1993	526	601
51730	1994	519	525
51730	1995	516	524
51730	1996	528	604
51730	1997	507	516
51730	1998	519	526
51730	1999	520	526
51730	2000	515	522
51730	2001	528	603
51730	2002	518	519
51730	2003	519	526
51730	2004	510	518
51730	2005	529	517
51730	2006	528	522
51730	2007	507	515
51730	2008	521	527
51730	2009	510	518
51730	2010	602	609
51730	2011	518	526
51730	2012	517	520
51730	2013	506	515
51730	2014	515	523
51730	2015	512	519
51730	2016	508	515
51730	2017	517	523
51730	2018	503	511
51765	1981	509	517
51765	1982	519	525
51765	1983	521	529
51765	1984	521	528
51765	1985	518	524
51765	1986	519	527
51765	1987	520	528
51765	1988	522	525
51765	1989	516	523
51765	1990	516	522
51765	1991	522	529
51765	1992	519	525
51765	1993	528	602
51765	1994	518	525
51765	1995	517	525
51765	1996	526	601
51765	1997	505	512
51765	1998	518	526
51765	1999	519	526
51765	2000	516	522
51765	2001	527	602
51765	2002	518	520
51765	2003	518	525
51765	2004	509	517
51765	2005	526	515
51765	2006	530	524
51765	2007	508	516
51765	2008	520	527
51765	2009	509	517
51765	2010	602	608
51765	2011	516	523
51765	2012	515	518
51765	2013	503	511
51765	2014	512	520
51765	2015	510	516
51765	2016	507	514
51765	2017	516	522
51765	2018	501	508
51777	1981	509	516
51777	1982	517	524
51777	1983	519	528
51777	1984	520	526
51777	1985	516	523
51777	1986	518	526
51777	1987	520	527
51777	1988	519	522
51777	1989	516	522
51777	1990	515	522
51777	1991	522	529
51777	1992	518	525
51777	1993	527	602
51777	1994	517	523
51777	1995	516	524
51777	1996	526	601
51777	1997	505	512
51777	1998	515	523
51777	1999	519	525
51777	2000	514	521
51777	2001	526	601
51777	2002	516	517
51777	2003	517	524
51777	2004	506	514
51777	2005	525	514
51777	2006	528	522
51777	2007	506	513
51777	2008	520	526
51777	2009	508	516
51777	2010	601	607
51777	2011	515	521
51777	2012	515	517
51777	2013	503	511
51777	2014	514	522
51777	2015	510	517
51777	2016	507	514
51777	2017	516	523
51777	2018	501	509
51804	1981	623	702
51804	1982	706	717
51804	1983	709	722
51804	1984	626	705
51804	1985	702	711
51804	1986	707	717
51804	1987	707	719
51804	1988	627	705
51804	1989	711	721
51804	1990	628	706
51804	1991	704	715
51804	1992	704	714
51804	1993	629	708
51804	1994	630	708
51804	1995	630	709
51804	1996	707	717
51804	1997	629	709
51804	1998	624	704
51804	1999	706	715
51804	2000	620	629
51804	2001	628	705
51804	2002	621	627
51804	2003	629	708
51804	2004	621	703
51804	2005	709	713
51804	2006	629	702
51804	2007	613	625
51804	2008	624	704
51804	2009	630	712
51804	2010	706	715
51804	2011	620	628
51804	2012	705	713
51804	2013	620	628
51804	2014	627	707
51804	2015	625	705
51804	2016	618	627
51804	2017	623	703
51804	2018	616	627
51810	1981	508	515
51810	1982	516	523
51810	1983	519	527
51810	1984	521	528
51810	1985	515	522
51810	1986	519	528
51810	1987	522	530
51810	1988	519	521
51810	1989	516	523
51810	1990	515	523
51810	1991	523	531
51810	1992	518	526
51810	1993	526	601
51810	1994	519	525
51810	1995	517	525
51810	1996	529	606
51810	1997	505	514
51810	1998	517	524
51810	1999	520	527
51810	2000	514	521
51810	2001	527	602
51810	2002	515	514
51810	2003	517	524
51810	2004	508	515
51810	2005	528	515
51810	2006	527	520
51810	2007	505	512
51810	2008	519	525
51810	2009	507	515
51810	2010	531	608
51810	2011	516	522
51810	2012	515	518
51810	2013	502	510
51810	2014	509	517
51810	2015	508	514
51810	2016	505	511
51810	2017	515	521
51810	2018	428	505
51811	1981	508	515
51811	1982	517	524
51811	1983	519	527
51811	1984	522	529
51811	1985	515	522
51811	1986	520	528
51811	1987	524	531
51811	1988	520	522
51811	1989	517	524
51811	1990	516	523
51811	1991	523	531
51811	1992	519	526
51811	1993	527	601
51811	1994	520	526
51811	1995	517	526
51811	1996	530	607
51811	1997	506	515
51811	1998	516	524
51811	1999	521	528
51811	2000	514	521
51811	2001	527	602
51811	2002	515	514
51811	2003	516	523
51811	2004	508	515
51811	2005	529	515
51811	2006	527	519
51811	2007	505	512
51811	2008	519	526
51811	2009	508	517
51811	2010	531	608
51811	2011	516	523
51811	2012	516	518
51811	2013	502	511
51811	2014	509	517
51811	2015	508	514
51811	2016	505	511
51811	2017	515	521
51811	2018	428	506
51818	1981	506	513
51818	1982	516	523
51818	1983	518	526
51818	1984	520	527
51818	1985	514	521
51818	1986	518	527
51818	1987	522	530
51818	1988	519	521
51818	1989	516	523
51818	1990	515	522
51818	1991	522	530
51818	1992	517	525
51818	1993	526	531
51818	1994	519	525
51818	1995	517	525
51818	1996	530	606
51818	1997	505	513
51818	1998	515	521
51818	1999	519	525
51818	2000	512	518
51818	2001	525	531
51818	2002	514	513
51818	2003	515	522
51818	2004	505	513
51818	2005	528	514
51818	2006	526	519
51818	2007	503	510
51818	2008	519	525
51818	2009	506	515
51818	2010	530	607
51818	2011	514	521
51818	2012	515	518
51818	2013	430	509
51818	2014	510	518
51818	2015	508	514
51818	2016	505	511
51818	2017	516	522
51818	2018	429	506
51828	1981	505	512
51828	1982	515	522
51828	1983	518	525
51828	1984	519	526
51828	1985	514	521
51828	1986	517	526
51828	1987	522	530
51828	1988	518	521
51828	1989	516	523
51828	1990	514	520
51828	1991	521	529
51828	1992	516	523
51828	1993	525	529
51828	1994	518	524
51828	1995	515	523
51828	1996	528	604
51828	1997	503	510
51828	1998	514	520
51828	1999	518	524
51828	2000	511	518
51828	2001	525	531
51828	2002	513	511
51828	2003	514	521
51828	2004	503	511
51828	2005	527	511
51828	2006	525	517
51828	2007	502	507
51828	2008	518	524
51828	2009	505	512
51828	2010	529	605
51828	2011	512	518
51828	2012	513	516
51828	2013	427	506
51828	2014	507	515
51828	2015	505	511
51828	2016	503	509
51828	2017	514	520
51828	2018	426	502
51839	1981	509	516
51839	1982	518	525
51839	1983	520	528
51839	1984	518	525
51839	1985	516	524
51839	1986	520	528
51839	1987	523	530
51839	1988	522	524
51839	1989	517	524
51839	1990	515	522
51839	1991	523	531
51839	1992	516	525
51839	1993	526	531
51839	1994	521	527
51839	1995	517	525
51839	1996	527	603
51839	1997	507	515
51839	1998	515	521
51839	1999	518	524
51839	2000	513	520
51839	2001	526	601
51839	2002	515	514
51839	2003	515	522
51839	2004	505	512
51839	2005	529	517
51839	2006	528	521
51839	2007	504	512
51839	2008	520	527
51839	2009	508	517
51839	2010	531	607
51839	2011	515	522
51839	2012	516	518
51839	2013	502	511
51839	2014	511	520
51839	2015	509	515
51839	2016	506	512
51839	2017	517	523
51839	2018	430	508
51855	1981	512	519
51855	1982	521	527
51855	1983	523	531
51855	1984	522	529
51855	1985	520	527
51855	1986	523	531
51855	1987	524	531
51855	1988	524	527
51855	1989	520	527
51855	1990	518	525
51855	1991	526	603
51855	1992	521	528
51855	1993	529	604
51855	1994	522	529
51855	1995	521	528
51855	1996	528	604
51855	1997	509	518
51855	1998	518	526
51855	1999	522	529
51855	2000	517	524
51855	2001	528	603
51855	2002	519	519
51855	2003	519	526
51855	2004	510	518
51855	2005	530	522
51855	2006	531	526
51855	2007	509	517
51855	2008	523	529
51855	2009	512	520
51855	2010	604	611
51855	2011	517	525
51855	2012	519	522
51855	2013	509	517
51855	2014	517	525
51855	2015	511	518
51855	2016	508	515
51855	2017	518	524
51855	2018	504	512
51931	1981	508	514
51931	1982	518	525
51931	1983	520	528
51931	1984	520	526
51931	1985	517	524
51931	1986	522	531
51931	1987	525	602
51931	1988	523	525
51931	1989	519	527
51931	1990	517	524
51931	1991	524	601
51931	1992	518	526
51931	1993	527	601
51931	1994	521	528
51931	1995	518	526
51931	1996	529	606
51931	1997	507	516
51931	1998	517	524
51931	1999	521	527
51931	2000	515	522
51931	2001	528	603
51931	2002	515	515
51931	2003	515	522
51931	2004	506	513
51931	2005	530	516
51931	2006	528	520
51931	2007	505	512
51931	2008	520	528
51931	2009	508	517
51931	2010	601	609
51931	2011	516	523
51931	2012	517	519
51931	2013	503	512
51931	2014	511	520
51931	2015	509	516
51931	2016	506	513
51931	2017	517	523
51931	2018	429	507
52101	1981	621	630
52101	1982	624	702
52101	1983	703	714
52101	1984	630	709
52101	1985	623	703
52101	1986	623	703
52101	1987	627	705
52101	1988	628	707
52101	1989	619	628
52101	1990	622	630
52101	1991	621	629
52101	1992	622	630
52101	1993	627	704
52101	1994	622	630
52101	1995	623	630
52101	1996	624	702
52101	1997	610	619
52101	1998	622	630
52101	1999	620	628
52101	2000	614	623
52101	2001	621	629
52101	2002	619	628
52101	2003	621	630
52101	2004	614	621
52101	2005	618	620
52101	2006	622	626
52101	2007	613	622
52101	2008	613	622
52101	2009	614	623
52101	2010	624	703
52101	2011	614	623
52101	2012	614	622
52101	2013	611	620
52101	2014	620	628
52101	2015	619	628
52101	2016	613	620
52101	2017	614	622
52101	2018	612	620
52112	1981	512	519
52112	1982	519	524
52112	1983	523	530
52112	1984	523	529
52112	1985	521	527
52112	1986	520	527
52112	1987	520	527
52112	1988	524	527
52112	1989	516	523
52112	1990	519	525
52112	1991	522	529
52112	1992	520	526
52112	1993	528	602
52112	1994	519	526
52112	1995	518	526
52112	1996	527	602
52112	1997	506	512
52112	1998	519	527
52112	1999	519	527
52112	2000	516	522
52112	2001	527	601
52112	2002	521	525
52112	2003	523	529
52112	2004	512	519
52112	2005	524	519
52112	2006	528	525
52112	2007	510	517
52112	2008	521	527
52112	2009	509	516
52112	2010	531	606
52112	2011	517	524
52112	2012	515	518
52112	2013	505	513
52112	2014	513	520
52112	2015	513	519
52112	2016	510	517
52112	2017	516	522
52112	2018	505	513
52118	1981	616	624
52118	1982	618	626
52118	1983	626	706
52118	1984	625	703
52118	1985	621	630
52118	1986	621	630
52118	1987	624	704
52118	1988	625	704
52118	1989	618	627
52118	1990	622	701
52118	1991	622	629
52118	1992	618	628
52118	1993	625	704
52118	1994	619	628
52118	1995	623	701
52118	1996	624	702
52118	1997	610	619
52118	1998	621	629
52118	1999	619	628
52118	2000	613	622
52118	2001	621	629
52118	2002	618	627
52118	2003	622	701
52118	2004	613	621
52118	2005	619	622
52118	2006	622	626
52118	2007	612	622
52118	2008	614	623
52118	2009	611	620
52118	2010	622	630
52118	2011	613	621
52118	2012	612	620
52118	2013	607	616
52118	2014	617	625
52118	2015	614	624
52118	2016	613	620
52118	2017	612	619
52118	2018	609	616
52203	1981	513	520
52203	1982	522	527
52203	1983	526	601
52203	1984	524	531
52203	1985	522	528
52203	1986	521	528
52203	1987	521	529
52203	1988	526	530
52203	1989	518	525
52203	1990	521	529
52203	1991	525	602
52203	1992	523	528
52203	1993	531	606
52203	1994	522	529
52203	1995	522	529
52203	1996	528	605
52203	1997	507	514
52203	1998	522	529
52203	1999	523	529
52203	2000	519	526
52203	2001	530	605
52203	2002	523	526
52203	2003	523	530
52203	2004	514	520
52203	2005	527	519
52203	2006	531	527
52203	2007	513	520
52203	2008	524	530
52203	2009	511	519
52203	2010	602	608
52203	2011	517	525
52203	2012	518	521
52203	2013	508	515
52203	2014	517	525
52203	2015	514	521
52203	2016	510	518
52203	2017	518	524
52203	2018	506	514
52313	1981	602	610
52313	1982	608	617
52313	1983	615	623
52313	1984	610	619
52313	1985	609	617
52313	1986	610	618
52313	1987	609	618
52313	1988	614	620
52313	1989	605	614
52313	1990	608	615
52313	1991	611	619
52313	1992	607	614
52313	1993	614	622
52313	1994	607	614
52313	1995	609	617
52313	1996	611	619
52313	1997	527	603
52313	1998	607	614
52313	1999	607	614
52313	2000	603	611
52313	2001	612	619
52313	2002	606	613
52313	2003	607	614
52313	2004	531	609
52313	2005	610	610
52313	2006	612	614
Station     Year         1               2
52313	2007	601	608
52313	2008	604	611
52313	2009	530	607
52313	2010	616	622
52313	2011	602	610
52313	2012	604	611
52313	2013	527	604
52313	2014	605	612
52313	2015	531	610
52313	2016	531	607
52313	2017	602	611
52313	2018	527	604